
16.30	2.0	17.8	0.1	16.7	144.30
14.80	2.0	17.7	0.1	14.3	25.90
13.40	2.0	17.6	0.1	12.2	0.00
12.50	2.0	17.5	0.1	11.0	0.00
12.60	2.0	17.3	0.1	11.8	0.00
12.60	2.0	17.2	0.1	12.2	0.00
12.60	2.0	17.0	0.1	12.3	0.00
12.30	2.0	16.9	0.1	12.1	0.00
12.40	2.0	16.8	0.1	12.2	0.00
12.40	2.0	16.7	0.1	12.2	0.00
12.40	2.0	16.6	0.1	12.3	0.00
12.40	2.0	16.5	0.1	12.3	7.00
13.00	2.0	16.5	0.1	12.8	61.80
14.50	2.0	16.5	0.1	15.1	280.00
15.80	2.0	16.4	0.1	16.6	332.70
16.50	2.0	16.4	0.1	17.0	349.50
16.00	2.0	16.6	0.1	16.0	129.30
15.50	2.0	16.6	0.1	15.7	130.50
16.20	2.0	16.6	0.1	16.2	86.90
16.40	2.0	16.7	0.1	16.3	95.20
16.40	2.0	16.7	0.1	16.7	180.00
16.50	2.0	16.7	0.1	16.9	192.50
16.80	2.0	16.7	0.1	17.2	215.20
17.50	2.0	16.9	0.1	18.3	261.60
16.90	2.0	16.9	0.1	16.9	60.40
16.20	2.0	17.0	0.1	16.1	8.30
15.70	2.0	17.1	0.1	15.6	0.00
15.80	2.0	17.0	0.1	15.7	0.00
15.50	2.0	17.0	0.1	15.2	0.00
15.60	2.0	16.9	0.1	15.3	0.00
15.60	2.0	16.9	0.1	15.4	0.00
15.10	2.0	16.9	0.1	14.9	0.00
15.00	2.0	16.8	0.1	14.8	0.00
14.80	2.0	16.8	0.1	14.6	0.00
14.20	2.0	16.7	0.1	13.8	0.00
14.30	2.0	16.7	0.1	14.2	9.20
14.60	2.0	16.6	0.1	14.6	99.30
14.70	2.0	16.6	0.1	15.1	118.20
14.90	2.0	16.6	0.1	15.7	256.20
14.70	2.0	16.7	0.1	15.4	327.00
15.50	2.0	16.8	0.1	16.2	306.20
15.20	2.0	16.9	0.1	15.8	284.20
16.10	2.0	17.0	0.1	17.1	302.60
16.10	2.0	17.1	0.1	16.9	380.70
17.40	2.0	17.2	0.1	18.7	427.90
17.50	2.0	17.4	0.1	18.4	329.90
17.10	2.0	17.6	0.1	17.6	271.20
17.50	2.0	17.7	0.1	18.7	303.10
16.10	2.0	17.8	0.1	16.0	75.80
15.30	2.0	17.8	0.1	14.7	18.40
14.10	2.0	17.7	0.1	13.2	0.00
13.70	2.0	17.6	0.1	13.1	0.00
14.00	2.0	17.5	0.1	13.6	0.00
14.30	2.0	17.3	0.1	13.9	0.00
14.50	2.0	17.2	0.1	14.2	0.00
15.10	2.0	17.0	0.1	14.7	0.00
15.20	2.0	16.9	0.1	14.8	0.00
15.40	2.0	16.9	0.1	15.0	0.00
15.10	2.0	16.8	0.1	14.7	0.00
14.80	2.0	16.7	0.1	14.5	2.80
14.60	2.0	16.6	0.1	14.4	7.80
14.80	2.0	16.6	0.1	14.7	49.10
15.10	2.0	16.5	0.1	15.1	97.70
15.50	2.0	16.5	0.1	15.5	120.10
15.70	2.0	16.5	0.1	15.9	165.40
16.20	2.0	16.5	0.1	16.4	201.60
17.50	2.0	16.6	0.1	18.3	423.90
18.10	2.0	16.7	0.1	18.6	288.90
19.20	2.0	16.9	0.1	20.1	404.00
19.90	2.0	17.1	0.1	20.7	429.10
20.40	2.0	17.4	0.1	21.1	421.30
19.30	2.0	17.6	0.1	19.7	252.30
18.20	2.0	17.7	0.1	18.3	126.90
16.80	2.0	17.7	0.1	16.3	18.90
15.40	2.0	17.7	0.1	14.2	0.00
14.80	2.0	17.6	0.1	13.9	0.00
13.90	2.0	17.4	0.1	13.0	0.00
13.50	2.0	17.3	0.1	12.7	0.00
13.50	2.0	17.1	0.1	13.0	0.00
13.70	2.0	17.0	0.1	13.4	0.00
13.80	2.0	16.9	0.1	13.5	0.00
13.80	2.0	16.8	0.1	13.4	0.00
13.30	2.0	16.7	0.1	12.3	0.00
13.20	2.0	16.6	0.1	13.0	20.50
13.50	2.0	16.5	0.1	13.5	82.30
14.00	2.0	16.4	0.1	14.2	88.30
14.70	2.0	16.4	0.1	15.1	166.90
16.10	2.0	16.4	0.1	17.0	306.80
17.20	2.0	16.5	0.1	18.0	324.20
17.20	2.0	16.7	0.1	17.8	156.60
15.90	2.0	16.9	0.1	16.4	176.90
14.50	2.0	17.1	0.1	14.8	141.10
14.10	2.0	17.1	0.1	14.4	145.20
13.80	2.0	17.2	0.1	14.1	98.10
14.10	2.0	17.2	0.1	14.3	73.30
14.10	2.0	17.2	0.1	14.2	42.40
14.70	2.0	17.2	0.1	14.6	53.80
14.80	2.0	17.1	0.1	14.6	11.70
13.90	2.0	17.1	0.1	13.2	0.00
13.10	2.0	17.0	0.1	12.5	0.00
12.60	2.0	16.9	0.1	11.9	0.00
12.30	2.0	16.8	0.1	11.7	0.00
11.80	2.0	16.6	0.1	11.2	0.00
11.50	2.0	16.5	0.1	10.8	0.00
11.60	2.0	16.3	0.1	10.9	0.00
11.70	2.0	16.2	0.1	10.9	0.00
11.70	2.0	16.1	0.1	11.0	0.00
11.60	2.0	16.0	0.1	11.1	21.90
12.60	2.0	15.8	0.1	12.6	120.20
14.50	2.0	15.7	0.1	14.8	179.80
15.50	2.0	15.7	0.1	16.1	340.10
16.80	2.0	15.8	0.1	18.0	561.80
18.20	2.0	15.9	0.1	19.3	590.10
17.80	2.0	16.2	0.1	18.4	404.20
16.80	2.0	16.4	0.1	18.0	575.80
17.70	2.0	16.7	0.1	19.3	633.60
16.90	2.0	17.0	0.1	17.7	405.90
18.20	2.0	17.2	0.1	19.3	390.90
18.40	2.0	17.5	0.1	19.2	378.80
17.60	2.0	17.6	0.1	17.9	154.40
16.80	2.0	17.7	0.1	16.7	58.50
15.20	2.0	17.7	0.1	14.8	9.60
14.40	2.0	17.6	0.1	13.8	0.00
13.50	2.0	17.5	0.1	12.8	0.00
13.30	2.0	17.4	0.1	12.7	0.00
13.00	2.0	17.2	0.1	12.5	0.00
12.80	2.0	17.0	0.1	12.2	0.00
12.30	2.0	16.9	0.1	11.8	0.00
12.00	2.0	16.7	0.1	11.5	0.00
11.80	2.0	16.6	0.1	11.2	0.00
11.60	2.0	16.5	0.1	11.0	0.00
11.70	2.0	16.3	0.1	11.1	16.70
12.60	2.0	16.2	0.1	12.5	121.00
14.10	2.0	16.1	0.1	15.0	268.10
15.70	2.0	16.0	0.1	17.1	449.30
17.00	2.0	16.1	0.1	18.7	623.90
16.90	2.0	16.3	0.1	18.8	518.10
18.20	2.0	16.5	0.1	19.8	633.80
18.00	2.0	16.9	0.1	19.3	534.20
18.50	2.0	17.2	0.1	19.6	537.30
18.60	2.0	17.5	0.1	19.7	526.70
17.80	2.0	17.7	0.1	18.5	296.00
18.30	2.0	17.9	0.1	19.0	317.10
17.50	2.0	18.0	0.1	17.5	166.40
16.60	2.0	18.0	0.1	16.5	79.30
15.50	2.0	18.0	0.1	15.0	17.60
14.10	2.0	17.8	0.1	13.0	0.00
13.10	2.0	17.7	0.1	11.9	0.00
12.40	2.0	17.5	0.1	11.4	0.00
12.00	2.0	17.3	0.1	11.2	0.00
11.50	2.0	17.1	0.1	10.9	0.00
11.20	2.0	16.9	0.1	10.7	0.00
11.70	2.0	16.8	0.1	11.4	0.00
11.50	2.0	16.6	0.1	10.8	0.00
11.00	2.0	16.5	0.1	10.1	0.00
10.60	2.0	16.4	0.1	10.0	17.60
11.30	2.0	16.2	0.1	11.2	77.10
12.90	2.0	16.1	0.1	13.7	258.50
14.50	2.0	16.1	0.1	15.9	421.10
15.50	2.0	16.2	0.1	16.7	435.00
					
16.30	2.0	17.8	0.1	16.7	144.30
14.80	2.0	17.7	0.1	14.3	25.90
13.40	2.0	17.6	0.1	12.2	0.00
12.50	2.0	17.5	0.1	11.0	0.00
12.60	2.0	17.3	0.1	11.8	0.00
12.60	2.0	17.2	0.1	12.2	0.00
12.60	2.0	17.0	0.1	12.3	0.00
12.30	2.0	16.9	0.1	12.1	0.00
12.40	2.0	16.8	0.1	12.2	0.00
12.40	2.0	16.7	0.1	12.2	0.00
12.40	2.0	16.6	0.1	12.3	0.00
12.40	2.0	16.5	0.1	12.3	7.00
13.00	2.0	16.5	0.1	12.8	61.80
14.50	2.0	16.5	0.1	15.1	280.00
15.80	2.0	16.4	0.1	16.6	332.70
16.50	2.0	16.4	0.1	17.0	349.50
16.00	2.0	16.6	0.1	16.0	129.30
15.50	2.0	16.6	0.1	15.7	130.50
16.20	2.0	16.6	0.1	16.2	86.90
16.40	2.0	16.7	0.1	16.3	95.20
16.40	2.0	16.7	0.1	16.7	180.00
16.50	2.0	16.7	0.1	16.9	192.50
16.80	2.0	16.7	0.1	17.2	215.20
17.50	2.0	16.9	0.1	18.3	261.60
16.90	2.0	16.9	0.1	16.9	60.40
16.20	2.0	17.0	0.1	16.1	8.30
15.70	2.0	17.1	0.1	15.6	0.00
15.80	2.0	17.0	0.1	15.7	0.00
15.50	2.0	17.0	0.1	15.2	0.00
15.60	2.0	16.9	0.1	15.3	0.00
15.60	2.0	16.9	0.1	15.4	0.00
15.10	2.0	16.9	0.1	14.9	0.00
15.00	2.0	16.8	0.1	14.8	0.00
14.80	2.0	16.8	0.1	14.6	0.00
14.20	2.0	16.7	0.1	13.8	0.00
14.30	2.0	16.7	0.1	14.2	9.20
14.60	2.0	16.6	0.1	14.6	99.30
14.70	2.0	16.6	0.1	15.1	118.20
14.90	2.0	16.6	0.1	15.7	256.20
14.70	2.0	16.7	0.1	15.4	327.00
15.50	2.0	16.8	0.1	16.2	306.20
15.20	2.0	16.9	0.1	15.8	284.20
16.10	2.0	17.0	0.1	17.1	302.60
16.10	2.0	17.1	0.1	16.9	380.70
17.40	2.0	17.2	0.1	18.7	427.90
17.50	2.0	17.4	0.1	18.4	329.90
17.10	2.0	17.6	0.1	17.6	271.20
17.50	2.0	17.7	0.1	18.7	303.10
16.10	2.0	17.8	0.1	16.0	75.80
15.30	2.0	17.8	0.1	14.7	18.40
14.10	2.0	17.7	0.1	13.2	0.00
13.70	2.0	17.6	0.1	13.1	0.00
14.00	2.0	17.5	0.1	13.6	0.00
14.30	2.0	17.3	0.1	13.9	0.00
14.50	2.0	17.2	0.1	14.2	0.00
15.10	2.0	17.0	0.1	14.7	0.00
15.20	2.0	16.9	0.1	14.8	0.00
15.40	2.0	16.9	0.1	15.0	0.00
15.10	2.0	16.8	0.1	14.7	0.00
14.80	2.0	16.7	0.1	14.5	2.80
14.60	2.0	16.6	0.1	14.4	7.80
14.80	2.0	16.6	0.1	14.7	49.10
15.10	2.0	16.5	0.1	15.1	97.70
15.50	2.0	16.5	0.1	15.5	120.10
15.70	2.0	16.5	0.1	15.9	165.40
16.20	2.0	16.5	0.1	16.4	201.60
17.50	2.0	16.6	0.1	18.3	423.90
18.10	2.0	16.7	0.1	18.6	288.90
19.20	2.0	16.9	0.1	20.1	404.00
19.90	2.0	17.1	0.1	20.7	429.10
20.40	2.0	17.4	0.1	21.1	421.30
19.30	2.0	17.6	0.1	19.7	252.30
18.20	2.0	17.7	0.1	18.3	126.90
16.80	2.0	17.7	0.1	16.3	18.90
15.40	2.0	17.7	0.1	14.2	0.00
14.80	2.0	17.6	0.1	13.9	0.00
13.90	2.0	17.4	0.1	13.0	0.00
13.50	2.0	17.3	0.1	12.7	0.00
13.50	2.0	17.1	0.1	13.0	0.00
13.70	2.0	17.0	0.1	13.4	0.00
13.80	2.0	16.9	0.1	13.5	0.00
13.80	2.0	16.8	0.1	13.4	0.00
13.30	2.0	16.7	0.1	12.3	0.00
13.20	2.0	16.6	0.1	13.0	20.50
13.50	2.0	16.5	0.1	13.5	82.30
14.00	2.0	16.4	0.1	14.2	88.30
14.70	2.0	16.4	0.1	15.1	166.90
16.10	2.0	16.4	0.1	17.0	306.80
17.20	2.0	16.5	0.1	18.0	324.20
17.20	2.0	16.7	0.1	17.8	156.60
15.90	2.0	16.9	0.1	16.4	176.90
14.50	2.0	17.1	0.1	14.8	141.10
14.10	2.0	17.1	0.1	14.4	145.20
13.80	2.0	17.2	0.1	14.1	98.10
14.10	2.0	17.2	0.1	14.3	73.30
14.10	2.0	17.2	0.1	14.2	42.40
14.70	2.0	17.2	0.1	14.6	53.80
14.80	2.0	17.1	0.1	14.6	11.70
13.90	2.0	17.1	0.1	13.2	0.00
13.10	2.0	17.0	0.1	12.5	0.00
12.60	2.0	16.9	0.1	11.9	0.00
12.30	2.0	16.8	0.1	11.7	0.00
11.80	2.0	16.6	0.1	11.2	0.00
11.50	2.0	16.5	0.1	10.8	0.00
11.60	2.0	16.3	0.1	10.9	0.00
11.70	2.0	16.2	0.1	10.9	0.00
11.70	2.0	16.1	0.1	11.0	0.00
11.60	2.0	16.0	0.1	11.1	21.90
12.60	2.0	15.8	0.1	12.6	120.20
14.50	2.0	15.7	0.1	14.8	179.80
15.50	2.0	15.7	0.1	16.1	340.10
16.80	2.0	15.8	0.1	18.0	561.80
18.20	2.0	15.9	0.1	19.3	590.10
17.80	2.0	16.2	0.1	18.4	404.20
16.80	2.0	16.4	0.1	18.0	575.80
17.70	2.0	16.7	0.1	19.3	633.60
16.90	2.0	17.0	0.1	17.7	405.90
18.20	2.0	17.2	0.1	19.3	390.90
18.40	2.0	17.5	0.1	19.2	378.80
17.60	2.0	17.6	0.1	17.9	154.40
16.80	2.0	17.7	0.1	16.7	58.50
15.20	2.0	17.7	0.1	14.8	9.60
14.40	2.0	17.6	0.1	13.8	0.00
13.50	2.0	17.5	0.1	12.8	0.00
13.30	2.0	17.4	0.1	12.7	0.00
13.00	2.0	17.2	0.1	12.5	0.00
12.80	2.0	17.0	0.1	12.2	0.00
12.30	2.0	16.9	0.1	11.8	0.00
12.00	2.0	16.7	0.1	11.5	0.00
11.80	2.0	16.6	0.1	11.2	0.00
11.60	2.0	16.5	0.1	11.0	0.00
11.70	2.0	16.3	0.1	11.1	16.70
12.60	2.0	16.2	0.1	12.5	121.00
14.10	2.0	16.1	0.1	15.0	268.10
15.70	2.0	16.0	0.1	17.1	449.30
17.00	2.0	16.1	0.1	18.7	623.90
16.90	2.0	16.3	0.1	18.8	518.10
18.20	2.0	16.5	0.1	19.8	633.80
18.00	2.0	16.9	0.1	19.3	534.20
18.50	2.0	17.2	0.1	19.6	537.30
18.60	2.0	17.5	0.1	19.7	526.70
17.80	2.0	17.7	0.1	18.5	296.00
18.30	2.0	17.9	0.1	19.0	317.10
17.50	2.0	18.0	0.1	17.5	166.40
16.60	2.0	18.0	0.1	16.5	79.30
15.50	2.0	18.0	0.1	15.0	17.60
14.10	2.0	17.8	0.1	13.0	0.00
13.10	2.0	17.7	0.1	11.9	0.00
12.40	2.0	17.5	0.1	11.4	0.00
12.00	2.0	17.3	0.1	11.2	0.00
11.50	2.0	17.1	0.1	10.9	0.00
11.20	2.0	16.9	0.1	10.7	0.00
11.70	2.0	16.8	0.1	11.4	0.00
11.50	2.0	16.6	0.1	10.8	0.00
11.00	2.0	16.5	0.1	10.1	0.00
10.60	2.0	16.4	0.1	10.0	17.60
11.30	2.0	16.2	0.1	11.2	77.10
12.90	2.0	16.1	0.1	13.7	258.50
14.50	2.0	16.1	0.1	15.9	421.10
15.50	2.0	16.2	0.1	16.7	435.00
					
16.30	2.0	17.8	0.1	16.7	144.30
14.80	2.0	17.7	0.1	14.3	25.90
13.40	2.0	17.6	0.1	12.2	0.00
12.50	2.0	17.5	0.1	11.0	0.00
12.60	2.0	17.3	0.1	11.8	0.00
12.60	2.0	17.2	0.1	12.2	0.00
12.60	2.0	17.0	0.1	12.3	0.00
12.30	2.0	16.9	0.1	12.1	0.00
12.40	2.0	16.8	0.1	12.2	0.00
12.40	2.0	16.7	0.1	12.2	0.00
12.40	2.0	16.6	0.1	12.3	0.00
12.40	2.0	16.5	0.1	12.3	7.00
13.00	2.0	16.5	0.1	12.8	61.80
14.50	2.0	16.5	0.1	15.1	280.00
15.80	2.0	16.4	0.1	16.6	332.70
16.50	2.0	16.4	0.1	17.0	349.50
16.00	2.0	16.6	0.1	16.0	129.30
15.50	2.0	16.6	0.1	15.7	130.50
16.20	2.0	16.6	0.1	16.2	86.90
16.40	2.0	16.7	0.1	16.3	95.20
16.40	2.0	16.7	0.1	16.7	180.00
16.50	2.0	16.7	0.1	16.9	192.50
16.80	2.0	16.7	0.1	17.2	215.20
17.50	2.0	16.9	0.1	18.3	261.60
16.90	2.0	16.9	0.1	16.9	60.40
16.20	2.0	17.0	0.1	16.1	8.30
15.70	2.0	17.1	0.1	15.6	0.00
15.80	2.0	17.0	0.1	15.7	0.00
15.50	2.0	17.0	0.1	15.2	0.00
15.60	2.0	16.9	0.1	15.3	0.00
15.60	2.0	16.9	0.1	15.4	0.00
15.10	2.0	16.9	0.1	14.9	0.00
15.00	2.0	16.8	0.1	14.8	0.00
14.80	2.0	16.8	0.1	14.6	0.00
14.20	2.0	16.7	0.1	13.8	0.00
14.30	2.0	16.7	0.1	14.2	9.20
14.60	2.0	16.6	0.1	14.6	99.30
14.70	2.0	16.6	0.1	15.1	118.20
14.90	2.0	16.6	0.1	15.7	256.20
14.70	2.0	16.7	0.1	15.4	327.00
15.50	2.0	16.8	0.1	16.2	306.20
15.20	2.0	16.9	0.1	15.8	284.20
16.10	2.0	17.0	0.1	17.1	302.60
16.10	2.0	17.1	0.1	16.9	380.70
17.40	2.0	17.2	0.1	18.7	427.90
17.50	2.0	17.4	0.1	18.4	329.90
17.10	2.0	17.6	0.1	17.6	271.20
17.50	2.0	17.7	0.1	18.7	303.10
16.10	2.0	17.8	0.1	16.0	75.80
15.30	2.0	17.8	0.1	14.7	18.40
14.10	2.0	17.7	0.1	13.2	0.00
13.70	2.0	17.6	0.1	13.1	0.00
14.00	2.0	17.5	0.1	13.6	0.00
14.30	2.0	17.3	0.1	13.9	0.00
14.50	2.0	17.2	0.1	14.2	0.00
15.10	2.0	17.0	0.1	14.7	0.00
15.20	2.0	16.9	0.1	14.8	0.00
15.40	2.0	16.9	0.1	15.0	0.00
15.10	2.0	16.8	0.1	14.7	0.00
14.80	2.0	16.7	0.1	14.5	2.80
14.60	2.0	16.6	0.1	14.4	7.80
14.80	2.0	16.6	0.1	14.7	49.10
15.10	2.0	16.5	0.1	15.1	97.70
15.50	2.0	16.5	0.1	15.5	120.10
15.70	2.0	16.5	0.1	15.9	165.40
16.20	2.0	16.5	0.1	16.4	201.60
17.50	2.0	16.6	0.1	18.3	423.90
18.10	2.0	16.7	0.1	18.6	288.90
19.20	2.0	16.9	0.1	20.1	404.00
19.90	2.0	17.1	0.1	20.7	429.10
20.40	2.0	17.4	0.1	21.1	421.30
19.30	2.0	17.6	0.1	19.7	252.30
18.20	2.0	17.7	0.1	18.3	126.90
16.80	2.0	17.7	0.1	16.3	18.90
15.40	2.0	17.7	0.1	14.2	0.00
14.80	2.0	17.6	0.1	13.9	0.00
13.90	2.0	17.4	0.1	13.0	0.00
13.50	2.0	17.3	0.1	12.7	0.00
13.50	2.0	17.1	0.1	13.0	0.00
13.70	2.0	17.0	0.1	13.4	0.00
13.80	2.0	16.9	0.1	13.5	0.00
13.80	2.0	16.8	0.1	13.4	0.00
13.30	2.0	16.7	0.1	12.3	0.00
13.20	2.0	16.6	0.1	13.0	20.50
13.50	2.0	16.5	0.1	13.5	82.30
14.00	2.0	16.4	0.1	14.2	88.30
14.70	2.0	16.4	0.1	15.1	166.90
16.10	2.0	16.4	0.1	17.0	306.80
17.20	2.0	16.5	0.1	18.0	324.20
17.20	2.0	16.7	0.1	17.8	156.60
15.90	2.0	16.9	0.1	16.4	176.90
14.50	2.0	17.1	0.1	14.8	141.10
14.10	2.0	17.1	0.1	14.4	145.20
13.80	2.0	17.2	0.1	14.1	98.10
14.10	2.0	17.2	0.1	14.3	73.30
14.10	2.0	17.2	0.1	14.2	42.40
14.70	2.0	17.2	0.1	14.6	53.80
14.80	2.0	17.1	0.1	14.6	11.70
13.90	2.0	17.1	0.1	13.2	0.00
13.10	2.0	17.0	0.1	12.5	0.00
12.60	2.0	16.9	0.1	11.9	0.00
12.30	2.0	16.8	0.1	11.7	0.00
11.80	2.0	16.6	0.1	11.2	0.00
11.50	2.0	16.5	0.1	10.8	0.00
11.60	2.0	16.3	0.1	10.9	0.00
11.70	2.0	16.2	0.1	10.9	0.00
11.70	2.0	16.1	0.1	11.0	0.00
11.60	2.0	16.0	0.1	11.1	21.90
12.60	2.0	15.8	0.1	12.6	120.20
14.50	2.0	15.7	0.1	14.8	179.80
15.50	2.0	15.7	0.1	16.1	340.10
16.80	2.0	15.8	0.1	18.0	561.80
18.20	2.0	15.9	0.1	19.3	590.10
17.80	2.0	16.2	0.1	18.4	404.20
16.80	2.0	16.4	0.1	18.0	575.80
17.70	2.0	16.7	0.1	19.3	633.60
16.90	2.0	17.0	0.1	17.7	405.90
18.20	2.0	17.2	0.1	19.3	390.90
18.40	2.0	17.5	0.1	19.2	378.80
17.60	2.0	17.6	0.1	17.9	154.40
16.80	2.0	17.7	0.1	16.7	58.50
15.20	2.0	17.7	0.1	14.8	9.60
14.40	2.0	17.6	0.1	13.8	0.00
13.50	2.0	17.5	0.1	12.8	0.00
13.30	2.0	17.4	0.1	12.7	0.00
13.00	2.0	17.2	0.1	12.5	0.00
12.80	2.0	17.0	0.1	12.2	0.00
12.30	2.0	16.9	0.1	11.8	0.00
12.00	2.0	16.7	0.1	11.5	0.00
11.80	2.0	16.6	0.1	11.2	0.00
11.60	2.0	16.5	0.1	11.0	0.00
11.70	2.0	16.3	0.1	11.1	16.70
12.60	2.0	16.2	0.1	12.5	121.00
14.10	2.0	16.1	0.1	15.0	268.10
15.70	2.0	16.0	0.1	17.1	449.30
17.00	2.0	16.1	0.1	18.7	623.90
16.90	2.0	16.3	0.1	18.8	518.10
18.20	2.0	16.5	0.1	19.8	633.80
18.00	2.0	16.9	0.1	19.3	534.20
18.50	2.0	17.2	0.1	19.6	537.30
18.60	2.0	17.5	0.1	19.7	526.70
17.80	2.0	17.7	0.1	18.5	296.00
18.30	2.0	17.9	0.1	19.0	317.10
17.50	2.0	18.0	0.1	17.5	166.40
16.60	2.0	18.0	0.1	16.5	79.30
15.50	2.0	18.0	0.1	15.0	17.60
14.10	2.0	17.8	0.1	13.0	0.00
13.10	2.0	17.7	0.1	11.9	0.00
12.40	2.0	17.5	0.1	11.4	0.00
12.00	2.0	17.3	0.1	11.2	0.00
11.50	2.0	17.1	0.1	10.9	0.00
11.20	2.0	16.9	0.1	10.7	0.00
11.70	2.0	16.8	0.1	11.4	0.00
11.50	2.0	16.6	0.1	10.8	0.00
11.00	2.0	16.5	0.1	10.1	0.00
10.60	2.0	16.4	0.1	10.0	17.60
11.30	2.0	16.2	0.1	11.2	77.10
12.90	2.0	16.1	0.1	13.7	258.50
14.50	2.0	16.1	0.1	15.9	421.10
15.50	2.0	16.2	0.1	16.7	435.00
					
16.30	2.0	17.8	0.1	16.7	144.30
14.80	2.0	17.7	0.1	14.3	25.90
13.40	2.0	17.6	0.1	12.2	0.00
12.50	2.0	17.5	0.1	11.0	0.00
12.60	2.0	17.3	0.1	11.8	0.00
12.60	2.0	17.2	0.1	12.2	0.00
12.60	2.0	17.0	0.1	12.3	0.00
12.30	2.0	16.9	0.1	12.1	0.00
12.40	2.0	16.8	0.1	12.2	0.00
12.40	2.0	16.7	0.1	12.2	0.00
12.40	2.0	16.6	0.1	12.3	0.00
12.40	2.0	16.5	0.1	12.3	7.00
13.00	2.0	16.5	0.1	12.8	61.80
14.50	2.0	16.5	0.1	15.1	280.00
15.80	2.0	16.4	0.1	16.6	332.70
16.50	2.0	16.4	0.1	17.0	349.50
16.00	2.0	16.6	0.1	16.0	129.30
15.5	2.0	16.6	0.1	15.7	130.5
16.2	2.0	16.6	0.1	16.2	86.9
16.4	2.0	16.7	0.1	16.3	95.2
16.4	2.0	16.7	0.1	16.7	180
16.5	2.0	16.7	0.1	16.9	192.5
16.8	2.0	16.7	0.1	17.2	215.2
17.5	2.0	16.9	0.1	18.3	261.6
16.9	2.0	16.9	0.1	16.9	60.4
16.2	2.0	17	0.1	16.1	8.3
15.7	2.0	17.1	0.1	15.6	0
15.8	2.0	17	0.1	15.7	0
15.5	2.0	17	0.1	15.2	0
15.6	2.0	16.9	0.1	15.3	0
15.6	2.0	16.9	0.1	15.4	0
15.1	2.0	16.9	0.1	14.9	0
15	2.0	16.8	0.1	14.8	0
14.8	2.0	16.8	0.1	14.6	0
14.2	2.0	16.7	0.1	13.8	0
14.3	2.0	16.7	0.1	14.2	9.2
14.6	2.0	16.6	0.1	14.6	99.3
14.7	2.0	16.6	0.1	15.1	118.2
14.9	2.0	16.6	0.1	15.7	256.2
14.7	2.0	16.7	0.1	15.4	327
15.5	2.0	16.8	0.1	16.2	306.2
15.2	2.0	16.9	0.1	15.8	284.2
16.1	2.0	17	0.1	17.1	302.6
16.1	2.0	17.1	0.1	16.9	380.7
17.4	2.0	17.2	0.1	18.7	427.9
17.5	2.0	17.4	0.1	18.4	329.9
17.1	2.0	17.6	0.1	17.6	271.2
17.5	2.0	17.7	0.1	18.7	303.1
16.1	2.0	17.8	0.1	16.0	75.8
15.3	2.0	17.8	0.1	14.7	18.4
14.1	2.0	17.7	0.1	13.2	0
13.7	2.0	17.6	0.1	13.1	0
14	2.0	17.5	0.1	13.6	0
14.3	2.0	17.3	0.1	13.9	0
14.5	2.0	17.2	0.1	14.2	0
15.1	2.0	17	0.1	14.7	0
15.2	2.0	16.9	0.1	14.8	0
15.4	2.0	16.9	0.1	15.0	0
15.1	2.0	16.8	0.1	14.7	0
14.8	2.0	16.7	0.1	14.5	2.8
14.6	2.0	16.6	0.1	14.4	7.8
14.8	2.0	16.6	0.1	14.7	49.1
15.1	2.0	16.5	0.1	15.1	97.7
15.5	2.0	16.5	0.1	15.5	120.1
15.7	2.0	16.5	0.1	15.9	165.4
16.2	2.0	16.5	0.1	16.4	201.6
17.5	2.0	16.6	0.1	18.3	423.9
18.1	2.0	16.7	0.1	18.6	288.9
19.2	2.0	16.9	0.1	20.1	404
19.9	2.0	17.1	0.1	20.7	429.1
20.4	2.0	17.4	0.1	21.1	421.3
19.3	2.0	17.6	0.1	19.7	252.3
18.2	2.0	17.7	0.1	18.3	126.9
16.8	2.0	17.7	0.1	16.3	18.9
15.4	2.0	17.7	0.1	14.2	0
14.8	2.0	17.6	0.1	13.9	0
13.9	2.0	17.4	0.1	13.0	0
13.5	2.0	17.3	0.1	12.7	0
13.5	2.0	17.1	0.1	13.0	0
13.7	2.0	17	0.1	13.4	0
13.8	2.0	16.9	0.1	13.5	0
13.8	2.0	16.8	0.1	13.4	0
13.3	2.0	16.7	0.1	12.3	0
13.2	2.0	16.6	0.1	13.0	20.5
13.5	2.0	16.5	0.1	13.5	82.3
14	2.0	16.4	0.1	14.2	88.3
14.7	2.0	16.4	0.1	15.1	166.9
16.1	2.0	16.4	0.1	17.0	306.8
17.2	2.0	16.5	0.1	18.0	324.2
17.2	2.0	16.7	0.1	17.8	156.6
15.9	2.0	16.9	0.1	16.4	176.9
14.5	2.0	17.1	0.1	14.8	141.1
14.1	2.0	17.1	0.1	14.4	145.2
13.8	2.0	17.2	0.1	14.1	98.1
14.1	2.0	17.2	0.1	14.3	73.3
14.1	2.0	17.2	0.1	14.2	42.4
14.7	2.0	17.2	0.1	14.6	53.8
14.8	2.0	17.1	0.1	14.6	11.7
13.9	2.0	17.1	0.1	13.2	0
13.1	2.0	17	0.1	12.5	0
12.6	2.0	16.9	0.1	11.9	0
12.3	2.0	16.8	0.1	11.7	0
11.8	2.0	16.6	0.1	11.2	0
11.5	2.0	16.5	0.1	10.8	0
11.6	2.0	16.3	0.1	10.9	0
11.7	2.0	16.2	0.1	10.9	0
11.7	2.0	16.1	0.1	11.0	0
11.6	2.0	16	0.1	11.1	21.9
12.6	2.0	15.8	0.1	12.6	120.2
14.5	2.0	15.7	0.1	14.8	179.8
15.5	2.0	15.7	0.1	16.1	340.1
16.8	2.0	15.8	0.1	18.0	561.8
18.2	2.0	15.9	0.1	19.3	590.1
17.8	2.0	16.2	0.1	18.4	404.2
16.8	2.0	16.4	0.1	18.0	575.8
17.7	2.0	16.7	0.1	19.3	633.6
16.9	2.0	17	0.1	17.7	405.9
18.2	2.0	17.2	0.1	19.3	390.9
18.4	2.0	17.5	0.1	19.2	378.8
17.6	2.0	17.6	0.1	17.9	154.4
16.8	2.0	17.7	0.1	16.7	58.5
15.2	2.0	17.7	0.1	14.8	9.6
14.4	2.0	17.6	0.1	13.8	0
13.5	2.0	17.5	0.1	12.8	0
13.3	2.0	17.4	0.1	12.7	0
13	2.0	17.2	0.1	12.5	0
12.8	2.0	17	0.1	12.2	0
12.3	2.0	16.9	0.1	11.8	0
12	2.0	16.7	0.1	11.5	0
11.8	2.0	16.6	0.1	11.2	0
11.6	2.0	16.5	0.1	11.0	0
11.7	2.0	16.3	0.1	11.1	16.7
12.6	2.0	16.2	0.1	12.5	121
14.1	2.0	16.1	0.1	15.0	268.1
15.7	2.0	16	0.1	17.1	449.3
17	2.0	16.1	0.1	18.7	623.9
16.9	2.0	16.3	0.1	18.8	518.1
18.2	2.0	16.5	0.1	19.8	633.8
18	2.0	16.9	0.1	19.3	534.2
18.5	2.0	17.2	0.1	19.6	537.3
18.6	2.0	17.5	0.1	19.7	526.7
17.8	2.0	17.7	0.1	18.5	296
18.3	2.0	17.9	0.1	19.0	317.1
17.5	2.0	18	0.1	17.5	166.4
16.6	2.0	18	0.1	16.5	79.3
15.5	2.0	18	0.1	15.0	17.6
14.1	2.0	17.8	0.1	13.0	0
13.1	2.0	17.7	0.1	11.9	0
12.4	2.0	17.5	0.1	11.4	0
12	2.0	17.3	0.1	11.2	0
11.5	2.0	17.1	0.1	10.9	0
11.2	2.0	16.9	0.1	10.7	0
11.7	2.0	16.8	0.1	11.4	0
11.5	2.0	16.6	0.1	10.8	0
11	2.0	16.5	0.1	10.1	0
10.6	2.0	16.4	0.1	10.0	17.6
11.3	2.0	16.2	0.1	11.2	77.1
12.9	2.0	16.1	0.1	13.7	258.5
14.5	2.0	16.1	0.1	15.9	421.1
15.5	2.0	16.2	0.1	16.7	435

