

0.0	59.8
0.0	59.8
0.0	65.9
0.0	65.9
0.0	71.1
0.0	71.1
0.0	76.5
0.0	76.5
0.0	78.8
0.0	78.8
0.0	80.0
0.0	80.0
0.0	81.3
0.0	81.3
0.2	86.1
0.2	86.1
0.3	88.2
0.3	88.2
0.1	90.1
0.1	90.1
0.1	91.0
0.1	91.0
0.0	91.6
0.0	91.6
0.0	91.2
0.0	91.2
0.0	86.2
0.0	86.2
0.0	76.6
0.0	76.6
0.0	66.5
0.0	66.5
0.0	70.9
0.0	70.9
0.0	78.6
0.0	78.6
0.0	77.7
0.0	77.7
0.0	78.0
0.0	78.0
0.0	79.5
0.0	79.5
0.0	81.7
0.0	81.7
0.0	81.5
0.0	81.5
0.0	79.1
0.0	79.1
0.0	82.0
0.0	82.0
0.4	86.4
0.4	86.4
0.4	91.1
0.4	91.1
0.0	91.9
0.0	91.9
0.0	92.1
0.0	92.1
0.0	92.4
0.0	92.4
0.0	92.3
0.0	92.3
0.0	92.2
0.0	92.2
0.0	92.7
0.0	92.7
0.0	92.7
0.0	92.7
0.0	92.6
0.0	92.6
0.0	92.8
0.0	92.8
0.0	91.8
0.0	91.8
0.0	90.0
0.0	90.0
0.0	87.8
0.0	87.8
0.1	88.2
0.1	88.2
0.0	77.8
0.0	77.8
0.0	72.6
0.0	72.6
0.0	66.7
0.0	66.7
0.0	67.5
0.0	67.5
0.0	59.2
0.0	59.2
0.0	55.7
0.0	55.7
0.0	55.4
0.0	55.4
0.0	54.6
0.0	54.6
0.0	61.4
0.0	61.4
0.0	67.4
0.0	67.4
0.0	74.1
0.0	74.1
0.0	77.1
0.0	77.1
0.0	76.4
0.0	76.4
0.0	77.1
0.0	77.1
0.0	78.7
0.0	78.7
0.0	79.6
0.0	79.6
0.0	82.0
0.0	82.0
0.2	82.6
0.2	82.6
0.5	85.5
0.5	85.5
0.5	87.9
0.5	87.9
1.5	90.2
1.5	90.2
1.0	91.4
1.0	91.4
0.0	91.0
0.0	91.0
0.0	90.1
0.0	90.1
0.2	90.2
0.2	90.2
0.0	89.6
0.0	89.6
0.0	87.8
0.0	87.8
3.0	87.3
3.0	87.3
0.0	82.5
0.0	82.5
0.0	75.6
0.0	75.6
0.0	63.3
0.0	63.3
0.0	63.9
0.0	63.9
0.0	67.9
0.0	67.9
0.0	72.8
0.0	72.8
0.0	79.8
0.0	79.8
0.0	84.0
0.0	84.0
0.0	87.4
0.0	87.4
0.0	89.6
0.0	89.6
0.0	90.6
0.0	90.6
0.0	91.0
0.0	91.0
0.2	91.3
0.2	91.3
0.1	91.7
0.1	91.7
0.0	92.0
0.0	92.0
0.0	92.6
0.0	92.6
0.0	93.0
0.0	93.0
0.0	93.0
0.0	93.0
0.0	92.4
0.0	92.4
0.0	87.2
0.0	87.2
0.0	79.0
0.0	79.0
0.0	77.9
0.0	77.9
0.2	85.9
0.2	85.9
0.8	87.3
0.8	87.3
0.6	88.0
0.6	88.0
1.7	89.9
1.7	89.9
0.5	91.1
0.5	91.1
1.7	91.9
1.7	91.9
0.3	91.7
0.3	91.7
0.0	91.4
0.0	91.4
0.0	91.5
0.0	91.5
0.0	92.2
0.0	92.2
0.0	92.4
0.0	92.4
0.0	91.8
0.0	91.8
0.0	91.4
0.0	91.4
0.0	91.6
0.0	91.6
0.0	91.0
0.0	91.0
0.0	90.2
0.0	90.2
0.0	90.9
0.0	90.9
0.0	91.6
0.0	91.6
0.1	91.8
0.1	91.8
0.0	89.8
0.0	89.8
0.0	80.8
0.0	80.8
0.0	77.0
0.0	77.0
0.0	69.7
0.0	69.7
0.0	67.4
0.0	67.4
2.0	73.1
2.0	73.1
0.0	74.9
0.0	74.9
0.6	80.3
0.6	80.3
0.0	68.6
0.0	68.6
0.0	64.1
0.0	64.1
0.0	67.5
0.0	67.5
0.0	71.1
0.0	71.1
0.2	82.2
0.2	82.2
0.6	84.2
0.6	84.2
0.0	86.6
0.0	86.6
0.0	89.0
0.0	89.0
0.0	90.4
0.0	90.4
0.0	90.8
0.0	90.8
0.0	91.1
0.0	91.1
0.0	91.6
0.0	91.6
0.0	91.4
0.0	91.4
0.0	91.3
0.0	91.3
0.0	90.6
0.0	90.6
0.0	89.1
0.0	89.1
0.0	86.2
0.0	86.2
0.0	80.0
0.0	80.0
0.0	74.0
0.0	74.0
0.0	70.5
0.0	70.5
0.0	62.5
0.0	62.5
0.0	60.9
0.0	60.9
0.0	57.9
0.0	57.9
0.0	55.3
0.0	55.3
0.0	61.9
0.0	61.9
0.0	57.3
0.0	57.3
0.0	60.6
0.0	60.6
0.0	65.6
0.0	65.6
0.0	71.3
0.0	71.3
0.0	77.1
0.0	77.1
0.0	81.7
0.0	81.7
0.0	85.2
0.0	85.2
0.0	87.4
0.0	87.4
0.0	88.1
0.0	88.1
0.0	89.8
0.0	89.8
0.0	90.6
0.0	90.6
0.0	90.6
0.0	90.6
0.0	91.2
0.0	91.2
0.0	91.5
0.0	91.5
0.1	90.3
0.1	90.3
0.0	84.5
0.0	84.5
0.0	73.6
0.0	73.6
0.0	66.0
0.0	66.0
	
	
0.0	59.8
0.0	59.8
0.0	65.9
0.0	65.9
0.0	71.1
0.0	71.1
0.0	76.5
0.0	76.5
0.0	78.8
0.0	78.8
0.0	80.0
0.0	80.0
0.0	81.3
0.0	81.3
0.2	86.1
0.2	86.1
0.3	88.2
0.3	88.2
0.1	90.1
0.1	90.1
0.1	91.0
0.1	91.0
0.0	91.6
0.0	91.6
0.0	91.2
0.0	91.2
0.0	86.2
0.0	86.2
0.0	76.6
0.0	76.6
0.0	66.5
0.0	66.5
0.0	70.9
0.0	70.9
0.0	78.6
0.0	78.6
0.0	77.7
0.0	77.7
0.0	78.0
0.0	78.0
0.0	79.5
0.0	79.5
0.0	81.7
0.0	81.7
0.0	81.5
0.0	81.5
0.0	79.1
0.0	79.1
0.0	82.0
0.0	82.0
0.4	86.4
0.4	86.4
0.4	91.1
0.4	91.1
0.0	91.9
0.0	91.9
0.0	92.1
0.0	92.1
0.0	92.4
0.0	92.4
0.0	92.3
0.0	92.3
0.0	92.2
0.0	92.2
0.0	92.7
0.0	92.7
0.0	92.7
0.0	92.7
0.0	92.6
0.0	92.6
0.0	92.8
0.0	92.8
0.0	91.8
0.0	91.8
0.0	90.0
0.0	90.0
0.0	87.8
0.0	87.8
0.1	88.2
0.1	88.2
0.0	77.8
0.0	77.8
0.0	72.6
0.0	72.6
0.0	66.7
0.0	66.7
0.0	67.5
0.0	67.5
0.0	59.2
0.0	59.2
0.0	55.7
0.0	55.7
0.0	55.4
0.0	55.4
0.0	54.6
0.0	54.6
0.0	61.4
0.0	61.4
0.0	67.4
0.0	67.4
0.0	74.1
0.0	74.1
0.0	77.1
0.0	77.1
0.0	76.4
0.0	76.4
0.0	77.1
0.0	77.1
0.0	78.7
0.0	78.7
0.0	79.6
0.0	79.6
0.0	82.0
0.0	82.0
0.2	82.6
0.2	82.6
0.5	85.5
0.5	85.5
0.5	87.9
0.5	87.9
1.5	90.2
1.5	90.2
1.0	91.4
1.0	91.4
0.0	91.0
0.0	91.0
0.0	90.1
0.0	90.1
0.2	90.2
0.2	90.2
0.0	89.6
0.0	89.6
0.0	87.8
0.0	87.8
3.0	87.3
3.0	87.3
0.0	82.5
0.0	82.5
0.0	75.6
0.0	75.6
0.0	63.3
0.0	63.3
0.0	63.9
0.0	63.9
0.0	67.9
0.0	67.9
0.0	72.8
0.0	72.8
0.0	79.8
0.0	79.8
0.0	84.0
0.0	84.0
0.0	87.4
0.0	87.4
0.0	89.6
0.0	89.6
0.0	90.6
0.0	90.6
0.0	91.0
0.0	91.0
0.2	91.3
0.2	91.3
0.1	91.7
0.1	91.7
0.0	92.0
0.0	92.0
0.0	92.6
0.0	92.6
0.0	93.0
0.0	93.0
0.0	93.0
0.0	93.0
0.0	92.4
0.0	92.4
0.0	87.2
0.0	87.2
0.0	79.0
0.0	79.0
0.0	77.9
0.0	77.9
0.2	85.9
0.2	85.9
0.8	87.3
0.8	87.3
0.6	88.0
0.6	88.0
1.7	89.9
1.7	89.9
0.5	91.1
0.5	91.1
1.7	91.9
1.7	91.9
0.3	91.7
0.3	91.7
0.0	91.4
0.0	91.4
0.0	91.5
0.0	91.5
0.0	92.2
0.0	92.2
0.0	92.4
0.0	92.4
0.0	91.8
0.0	91.8
0.0	91.4
0.0	91.4
0.0	91.6
0.0	91.6
0.0	91.0
0.0	91.0
0.0	90.2
0.0	90.2
0.0	90.9
0.0	90.9
0.0	91.6
0.0	91.6
0.1	91.8
0.1	91.8
0.0	89.8
0.0	89.8
0.0	80.8
0.0	80.8
0.0	77.0
0.0	77.0
0.0	69.7
0.0	69.7
0.0	67.4
0.0	67.4
2.0	73.1
2.0	73.1
0.0	74.9
0.0	74.9
0.6	80.3
0.6	80.3
0.0	68.6
0.0	68.6
0.0	64.1
0.0	64.1
0.0	67.5
0.0	67.5
0.0	71.1
0.0	71.1
0.2	82.2
0.2	82.2
0.6	84.2
0.6	84.2
0.0	86.6
0.0	86.6
0.0	89.0
0.0	89.0
0.0	90.4
0.0	90.4
0.0	90.8
0.0	90.8
0.0	91.1
0.0	91.1
0.0	91.6
0.0	91.6
0.0	91.4
0.0	91.4
0.0	91.3
0.0	91.3
0.0	90.6
0.0	90.6
0.0	89.1
0.0	89.1
0.0	86.2
0.0	86.2
0.0	80.0
0.0	80.0
0.0	74.0
0.0	74.0
0.0	70.5
0.0	70.5
0.0	62.5
0.0	62.5
0.0	60.9
0.0	60.9
0.0	57.9
0.0	57.9
0.0	55.3
0.0	55.3
0.0	61.9
0.0	61.9
0.0	57.3
0.0	57.3
0.0	60.6
0.0	60.6
0.0	65.6
0.0	65.6
0.0	71.3
0.0	71.3
0.0	77.1
0.0	77.1
0.0	81.7
0.0	81.7
0.0	85.2
0.0	85.2
0.0	87.4
0.0	87.4
0.0	88.1
0.0	88.1
0.0	89.8
0.0	89.8
0.0	90.6
0.0	90.6
0.0	90.6
0.0	90.6
0.0	91.2
0.0	91.2
0.0	91.5
0.0	91.5
0.1	90.3
0.1	90.3
0.0	84.5
0.0	84.5
0.0	73.6
0.0	73.6
0.0	66.0
0.0	66.0
	
	
0.0	59.8
0.0	59.8
0.0	65.9
0.0	65.9
0.0	71.1
0.0	71.1
0.0	76.5
0.0	76.5
0.0	78.8
0.0	78.8
0.0	80.0
0.0	80.0
0.0	81.3
0.0	81.3
0.2	86.1
0.2	86.1
0.3	88.2
0.3	88.2
0.1	90.1
0.1	90.1
0.1	91.0
0.1	91.0
0.0	91.6
0.0	91.6
0.0	91.2
0.0	91.2
0.0	86.2
0.0	86.2
0.0	76.6
0.0	76.6
0.0	66.5
0.0	66.5
0.0	70.9
0.0	70.9
0.0	78.6
0.0	78.6
0.0	77.7
0.0	77.7
0.0	78.0
0.0	78.0
0.0	79.5
0.0	79.5
0.0	81.7
0.0	81.7
0.0	81.5
0.0	81.5
0.0	79.1
0.0	79.1
0.0	82.0
0.0	82.0
0.4	86.4
0.4	86.4
0.4	91.1
0.4	91.1
0.0	91.9
0.0	91.9
0.0	92.1
0.0	92.1
0.0	92.4
0.0	92.4
0.0	92.3
0.0	92.3
0.0	92.2
0.0	92.2
0.0	92.7
0.0	92.7
0.0	92.7
0.0	92.7
0.0	92.6
0.0	92.6
0.0	92.8
0.0	92.8
0.0	91.8
0.0	91.8
0.0	90.0
0.0	90.0
0.0	87.8
0.0	87.8
0.1	88.2
0.1	88.2
0.0	77.8
0.0	77.8
0.0	72.6
0.0	72.6
0.0	66.7
0.0	66.7
0.0	67.5
0.0	67.5
0.0	59.2
0.0	59.2
0.0	55.7
0.0	55.7
0.0	55.4
0.0	55.4
0.0	54.6
0.0	54.6
0.0	61.4
0.0	61.4
0.0	67.4
0.0	67.4
0.0	74.1
0.0	74.1
0.0	77.1
0.0	77.1
0.0	76.4
0.0	76.4
0.0	77.1
0.0	77.1
0.0	78.7
0.0	78.7
0.0	79.6
0.0	79.6
0.0	82.0
0.0	82.0
0.2	82.6
0.2	82.6
0.5	85.5
0.5	85.5
0.5	87.9
0.5	87.9
1.5	90.2
1.5	90.2
1.0	91.4
1.0	91.4
0.0	91.0
0.0	91.0
0.0	90.1
0.0	90.1
0.2	90.2
0.2	90.2
0.0	89.6
0.0	89.6
0.0	87.8
0.0	87.8
3.0	87.3
3.0	87.3
0.0	82.5
0.0	82.5
0.0	75.6
0.0	75.6
0.0	63.3
0.0	63.3
0.0	63.9
0.0	63.9
0.0	67.9
0.0	67.9
0.0	72.8
0.0	72.8
0.0	79.8
0.0	79.8
0.0	84.0
0.0	84.0
0.0	87.4
0.0	87.4
0.0	89.6
0.0	89.6
0.0	90.6
0.0	90.6
0.0	91.0
0.0	91.0
0.2	91.3
0.2	91.3
0.1	91.7
0.1	91.7
0.0	92.0
0.0	92.0
0.0	92.6
0.0	92.6
0.0	93.0
0.0	93.0
0.0	93.0
0.0	93.0
0.0	92.4
0.0	92.4
0.0	87.2
0.0	87.2
0.0	79.0
0.0	79.0
0.0	77.9
0.0	77.9
0.2	85.9
0.2	85.9
0.8	87.3
0.8	87.3
0.6	88.0
0.6	88.0
1.7	89.9
1.7	89.9
0.5	91.1
0.5	91.1
1.7	91.9
1.7	91.9
0.3	91.7
0.3	91.7
0.0	91.4
0.0	91.4
0.0	91.5
0.0	91.5
0.0	92.2
0.0	92.2
0.0	92.4
0.0	92.4
0.0	91.8
0.0	91.8
0.0	91.4
0.0	91.4
0.0	91.6
0.0	91.6
0.0	91.0
0.0	91.0
0.0	90.2
0.0	90.2
0.0	90.9
0.0	90.9
0.0	91.6
0.0	91.6
0.1	91.8
0.1	91.8
0.0	89.8
0.0	89.8
0.0	80.8
0.0	80.8
0.0	77.0
0.0	77.0
0.0	69.7
0.0	69.7
0.0	67.4
0.0	67.4
2.0	73.1
2.0	73.1
0.0	74.9
0.0	74.9
0.6	80.3
0.6	80.3
0.0	68.6
0.0	68.6
0.0	64.1
0.0	64.1
0.0	67.5
0.0	67.5
0.0	71.1
0.0	71.1
0.2	82.2
0.2	82.2
0.6	84.2
0.6	84.2
0.0	86.6
0.0	86.6
0.0	89.0
0.0	89.0
0.0	90.4
0.0	90.4
0.0	90.8
0.0	90.8
0.0	91.1
0.0	91.1
0.0	91.6
0.0	91.6
0.0	91.4
0.0	91.4
0.0	91.3
0.0	91.3
0.0	90.6
0.0	90.6
0.0	89.1
0.0	89.1
0.0	86.2
0.0	86.2
0.0	80.0
0.0	80.0
0.0	74.0
0.0	74.0
0.0	70.5
0.0	70.5
0.0	62.5
0.0	62.5
0.0	60.9
0.0	60.9
0.0	57.9
0.0	57.9
0.0	55.3
0.0	55.3
0.0	61.9
0.0	61.9
0.0	57.3
0.0	57.3
0.0	60.6
0.0	60.6
0.0	65.6
0.0	65.6
0.0	71.3
0.0	71.3
0.0	77.1
0.0	77.1
0.0	81.7
0.0	81.7
0.0	85.2
0.0	85.2
0.0	87.4
0.0	87.4
0.0	88.1
0.0	88.1
0.0	89.8
0.0	89.8
0.0	90.6
0.0	90.6
0.0	90.6
0.0	90.6
0.0	91.2
0.0	91.2
0.0	91.5
0.0	91.5
0.1	90.3
0.1	90.3
0.0	84.5
0.0	84.5
0.0	73.6
0.0	73.6
0.0	66.0
0.0	66.0
	
	
0.0	59.8
0.0	59.8
0.0	65.9
0.0	65.9
0.0	71.1
0.0	71.1
0.0	76.5
0.0	76.5
0.0	78.8
0.0	78.8
0.0	80.0
0.0	80.0
0.0	81.3
0.0	81.3
0.2	86.1
0.2	86.1
0.3	88.2
0.3	88.2
0.1	90.1
0.1	90.1
0.1	91.0
0.1	91.0
0.0	91.6
0.0	91.6
0.0	91.2
0.0	91.2
0.0	86.2
0.0	86.2
0.0	76.6
0.0	76.6
0.0	66.5
0.0	66.5
0.0	70.9
0.0	70.9
0	78.6
0	78.6
0	77.7
0	77.7
0	78
0	78
0	79.5
0	79.5
0	81.7
0	81.7
0	81.5
0	81.5
0	79.1
0	79.1
0	82
0	82
0.4	86.4
0.4	86.4
0.4	91.1
0.4	91.1
0	91.9
0	91.9
0	92.1
0	92.1
0	92.4
0	92.4
0	92.3
0	92.3
0	92.2
0	92.2
0	92.7
0	92.7
0	92.7
0	92.7
0	92.6
0	92.6
0	92.8
0	92.8
0	91.8
0	91.8
0	90
0	90
0	87.8
0	87.8
0.1	88.2
0.1	88.2
0	77.8
0	77.8
0	72.6
0	72.6
0	66.7
0	66.7
0	67.5
0	67.5
0	59.2
0	59.2
0	55.7
0	55.7
0	55.4
0	55.4
0	54.6
0	54.6
0	61.4
0	61.4
0	67.4
0	67.4
0	74.1
0	74.1
0	77.1
0	77.1
0	76.4
0	76.4
0	77.1
0	77.1
0	78.7
0	78.7
0	79.6
0	79.6
0	82
0	82
0.2	82.6
0.2	82.6
0.5	85.5
0.5	85.5
0.5	87.9
0.5	87.9
1.5	90.2
1.5	90.2
1	91.4
1	91.4
0	91
0	91
0	90.1
0	90.1
0.2	90.2
0.2	90.2
0	89.6
0	89.6
0	87.8
0	87.8
3	87.3
3	87.3
0	82.5
0	82.5
0	75.6
0	75.6
0	63.3
0	63.3
0	63.9
0	63.9
0	67.9
0	67.9
0	72.8
0	72.8
0	79.8
0	79.8
0	84
0	84
0	87.4
0	87.4
0	89.6
0	89.6
0	90.6
0	90.6
0	91
0	91
0.2	91.3
0.2	91.3
0.1	91.7
0.1	91.7
0	92
0	92
0	92.6
0	92.6
0	93
0	93
0	93
0	93
0	92.4
0	92.4
0	87.2
0	87.2
0	79
0	79
0	77.9
0	77.9
0.2	85.9
0.2	85.9
0.8	87.3
0.8	87.3
0.6	88
0.6	88
1.7	89.9
1.7	89.9
0.5	91.1
0.5	91.1
1.7	91.9
1.7	91.9
0.3	91.7
0.3	91.7
0	91.4
0	91.4
0	91.5
0	91.5
0	92.2
0	92.2
0	92.4
0	92.4
0	91.8
0	91.8
0	91.4
0	91.4
0	91.6
0	91.6
0	91
0	91
0	90.2
0	90.2
0	90.9
0	90.9
0	91.6
0	91.6
0.1	91.8
0.1	91.8
0	89.8
0	89.8
0	80.8
0	80.8
0	77
0	77
0	69.7
0	69.7
0	67.4
0	67.4
2	73.1
2	73.1
0	74.9
0	74.9
0.6	80.3
0.6	80.3
0	68.6
0	68.6
0	64.1
0	64.1
0	67.5
0	67.5
0	71.1
0	71.1
0.2	82.2
0.2	82.2
0.6	84.2
0.6	84.2
0	86.6
0	86.6
0	89
0	89
0	90.4
0	90.4
0	90.8
0	90.8
0	91.1
0	91.1
0	91.6
0	91.6
0	91.4
0	91.4
0	91.3
0	91.3
0	90.6
0	90.6
0	89.1
0	89.1
0	86.2
0	86.2
0	80
0	80
0	74
0	74
0	70.5
0	70.5
0	62.5
0	62.5
0	60.9
0	60.9
0	57.9
0	57.9
0	55.3
0	55.3
0	61.9
0	61.9
0	57.3
0	57.3
0	60.6
0	60.6
0	65.6
0	65.6
0	71.3
0	71.3
0	77.1
0	77.1
0	81.7
0	81.7
0	85.2
0	85.2
0	87.4
0	87.4
0	88.1
0	88.1
0	89.8
0	89.8
0	90.6
0	90.6
0	90.6
0	90.6
0	91.2
0	91.2
0	91.5
0	91.5
0.1	90.3
0.1	90.3
0	84.5
0	84.5
0	73.6
0	73.6
0	66
0	66


