
NaN	2.0	NaN	0.1	NaN	NaN
16.30	2.0	17.8	0.1	16.7	144.30
NaN	2.0	NaN	0.1	NaN	NaN
14.80	2.0	17.7	0.1	14.3	25.90
NaN	2.0	NaN	0.1	NaN	NaN
13.40	2.0	17.6	0.1	12.2	0.00
NaN	2.0	NaN	0.1	NaN	NaN
12.50	2.0	17.5	0.1	11.0	0.00
NaN	2.0	NaN	0.1	NaN	NaN
12.60	2.0	17.3	0.1	11.8	0.00
NaN	2.0	NaN	0.1	NaN	NaN
12.60	2.0	17.2	0.1	12.2	0.00
NaN	2.0	NaN	0.1	NaN	NaN
12.60	2.0	17.0	0.1	12.3	0.00
NaN	2.0	NaN	0.1	NaN	NaN
12.30	2.0	16.9	0.1	12.1	0.00
NaN	2.0	NaN	0.1	NaN	NaN
12.40	2.0	16.8	0.1	12.2	0.00
NaN	2.0	NaN	0.1	NaN	NaN
12.40	2.0	16.7	0.1	12.2	0.00
NaN	2.0	NaN	0.1	NaN	NaN
12.40	2.0	16.6	0.1	12.3	0.00
NaN	2.0	NaN	0.1	NaN	NaN
12.40	2.0	16.5	0.1	12.3	7.00
NaN	2.0	NaN	0.1	NaN	NaN
13.00	2.0	16.5	0.1	12.8	61.80
NaN	2.0	NaN	0.1	NaN	NaN
14.50	2.0	16.5	0.1	15.1	280.00
NaN	2.0	NaN	0.1	NaN	NaN
15.80	2.0	16.4	0.1	16.6	332.70
NaN	2.0	NaN	0.1	NaN	NaN
16.50	2.0	16.4	0.1	17.0	349.50
NaN	2.0	NaN	0.1	NaN	NaN
16.00	2.0	16.6	0.1	16.0	129.30
NaN	2.0	NaN	0.1	NaN	NaN
15.50	2.0	16.6	0.1	15.7	130.50
NaN	2.0	NaN	0.1	NaN	NaN
16.20	2.0	16.6	0.1	16.2	86.90
NaN	2.0	NaN	0.1	NaN	NaN
16.40	2.0	16.7	0.1	16.3	95.20
NaN	2.0	NaN	0.1	NaN	NaN
16.40	2.0	16.7	0.1	16.7	180.00
NaN	2.0	NaN	0.1	NaN	NaN
16.50	2.0	16.7	0.1	16.9	192.50
NaN	2.0	NaN	0.1	NaN	NaN
16.80	2.0	16.7	0.1	17.2	215.20
NaN	2.0	NaN	0.1	NaN	NaN
17.50	2.0	16.9	0.1	18.3	261.60
NaN	2.0	NaN	0.1	NaN	NaN
16.90	2.0	16.9	0.1	16.9	60.40
NaN	2.0	NaN	0.1	NaN	NaN
16.20	2.0	17.0	0.1	16.1	8.30
NaN	2.0	NaN	0.1	NaN	NaN
15.70	2.0	17.1	0.1	15.6	0.00
NaN	2.0	NaN	0.1	NaN	NaN
15.80	2.0	17.0	0.1	15.7	0.00
NaN	2.0	NaN	0.1	NaN	NaN
15.50	2.0	17.0	0.1	15.2	0.00
NaN	2.0	NaN	0.1	NaN	NaN
15.60	2.0	16.9	0.1	15.3	0.00
NaN	2.0	NaN	0.1	NaN	NaN
15.60	2.0	16.9	0.1	15.4	0.00
NaN	2.0	NaN	0.1	NaN	NaN
15.10	2.0	16.9	0.1	14.9	0.00
NaN	2.0	NaN	0.1	NaN	NaN
15.00	2.0	16.8	0.1	14.8	0.00
NaN	2.0	NaN	0.1	NaN	NaN
14.80	2.0	16.8	0.1	14.6	0.00
NaN	2.0	NaN	0.1	NaN	NaN
14.20	2.0	16.7	0.1	13.8	0.00
NaN	2.0	NaN	0.1	NaN	NaN
14.30	2.0	16.7	0.1	14.2	9.20
NaN	2.0	NaN	0.1	NaN	NaN
14.60	2.0	16.6	0.1	14.6	99.30
NaN	2.0	NaN	0.1	NaN	NaN
14.70	2.0	16.6	0.1	15.1	118.20
NaN	2.0	NaN	0.1	NaN	NaN
14.90	2.0	16.6	0.1	15.7	256.20
NaN	2.0	NaN	0.1	NaN	NaN
14.70	2.0	16.7	0.1	15.4	327.00
NaN	2.0	NaN	0.1	NaN	NaN
15.50	2.0	16.8	0.1	16.2	306.20
NaN	2.0	NaN	0.1	NaN	NaN
15.20	2.0	16.9	0.1	15.8	284.20
NaN	2.0	NaN	0.1	NaN	NaN
16.10	2.0	17.0	0.1	17.1	302.60
NaN	2.0	NaN	0.1	NaN	NaN
16.10	2.0	17.1	0.1	16.9	380.70
NaN	2.0	NaN	0.1	NaN	NaN
17.40	2.0	17.2	0.1	18.7	427.90
NaN	2.0	NaN	0.1	NaN	NaN
17.50	2.0	17.4	0.1	18.4	329.90
NaN	2.0	NaN	0.1	NaN	NaN
17.10	2.0	17.6	0.1	17.6	271.20
NaN	2.0	NaN	0.1	NaN	NaN
17.50	2.0	17.7	0.1	18.7	303.10
NaN	2.0	NaN	0.1	NaN	NaN
16.10	2.0	17.8	0.1	16.0	75.80
NaN	2.0	NaN	0.1	NaN	NaN
15.30	2.0	17.8	0.1	14.7	18.40
NaN	2.0	NaN	0.1	NaN	NaN
14.10	2.0	17.7	0.1	13.2	0.00
NaN	2.0	NaN	0.1	NaN	NaN
13.70	2.0	17.6	0.1	13.1	0.00
NaN	2.0	NaN	0.1	NaN	NaN
14.00	2.0	17.5	0.1	13.6	0.00
NaN	2.0	NaN	0.1	NaN	NaN
14.30	2.0	17.3	0.1	13.9	0.00
NaN	2.0	NaN	0.1	NaN	NaN
14.50	2.0	17.2	0.1	14.2	0.00
NaN	2.0	NaN	0.1	NaN	NaN
15.10	2.0	17.0	0.1	14.7	0.00
NaN	2.0	NaN	0.1	NaN	NaN
15.20	2.0	16.9	0.1	14.8	0.00
NaN	2.0	NaN	0.1	NaN	NaN
15.40	2.0	16.9	0.1	15.0	0.00
NaN	2.0	NaN	0.1	NaN	NaN
15.10	2.0	16.8	0.1	14.7	0.00
NaN	2.0	NaN	0.1	NaN	NaN
14.80	2.0	16.7	0.1	14.5	2.80
NaN	2.0	NaN	0.1	NaN	NaN
14.60	2.0	16.6	0.1	14.4	7.80
NaN	2.0	NaN	0.1	NaN	NaN
14.80	2.0	16.6	0.1	14.7	49.10
NaN	2.0	NaN	0.1	NaN	NaN
15.10	2.0	16.5	0.1	15.1	97.70
NaN	2.0	NaN	0.1	NaN	NaN
15.50	2.0	16.5	0.1	15.5	120.10
NaN	2.0	NaN	0.1	NaN	NaN
15.70	2.0	16.5	0.1	15.9	165.40
NaN	2.0	NaN	0.1	NaN	NaN
16.20	2.0	16.5	0.1	16.4	201.60
NaN	2.0	NaN	0.1	NaN	NaN
17.50	2.0	16.6	0.1	18.3	423.90
NaN	2.0	NaN	0.1	NaN	NaN
18.10	2.0	16.7	0.1	18.6	288.90
NaN	2.0	NaN	0.1	NaN	NaN
19.20	2.0	16.9	0.1	20.1	404.00
NaN	2.0	NaN	0.1	NaN	NaN
19.90	2.0	17.1	0.1	20.7	429.10
NaN	2.0	NaN	0.1	NaN	NaN
20.40	2.0	17.4	0.1	21.1	421.30
NaN	2.0	NaN	0.1	NaN	NaN
19.30	2.0	17.6	0.1	19.7	252.30
NaN	2.0	NaN	0.1	NaN	NaN
18.20	2.0	17.7	0.1	18.3	126.90
NaN	2.0	NaN	0.1	NaN	NaN
16.80	2.0	17.7	0.1	16.3	18.90
NaN	2.0	NaN	0.1	NaN	NaN
15.40	2.0	17.7	0.1	14.2	0.00
NaN	2.0	NaN	0.1	NaN	NaN
14.80	2.0	17.6	0.1	13.9	0.00
NaN	2.0	NaN	0.1	NaN	NaN
13.90	2.0	17.4	0.1	13.0	0.00
NaN	2.0	NaN	0.1	NaN	NaN
13.50	2.0	17.3	0.1	12.7	0.00
NaN	2.0	NaN	0.1	NaN	NaN
13.50	2.0	17.1	0.1	13.0	0.00
NaN	2.0	NaN	0.1	NaN	NaN
13.70	2.0	17.0	0.1	13.4	0.00
NaN	2.0	NaN	0.1	NaN	NaN
13.80	2.0	16.9	0.1	13.5	0.00
NaN	2.0	NaN	0.1	NaN	NaN
13.80	2.0	16.8	0.1	13.4	0.00
NaN	2.0	NaN	0.1	NaN	NaN
13.30	2.0	16.7	0.1	12.3	0.00
NaN	2.0	NaN	0.1	NaN	NaN
13.20	2.0	16.6	0.1	13.0	20.50
NaN	2.0	NaN	0.1	NaN	NaN
13.50	2.0	16.5	0.1	13.5	82.30
NaN	2.0	NaN	0.1	NaN	NaN
14.00	2.0	16.4	0.1	14.2	88.30
NaN	2.0	NaN	0.1	NaN	NaN
14.70	2.0	16.4	0.1	15.1	166.90
NaN	2.0	NaN	0.1	NaN	NaN
16.10	2.0	16.4	0.1	17.0	306.80
NaN	2.0	NaN	0.1	NaN	NaN
17.20	2.0	16.5	0.1	18.0	324.20
NaN	2.0	NaN	0.1	NaN	NaN
17.20	2.0	16.7	0.1	17.8	156.60
NaN	2.0	NaN	0.1	NaN	NaN
15.90	2.0	16.9	0.1	16.4	176.90
NaN	2.0	NaN	0.1	NaN	NaN
14.50	2.0	17.1	0.1	14.8	141.10
NaN	2.0	NaN	0.1	NaN	NaN
14.10	2.0	17.1	0.1	14.4	145.20
NaN	2.0	NaN	0.1	NaN	NaN
13.80	2.0	17.2	0.1	14.1	98.10
NaN	2.0	NaN	0.1	NaN	NaN
14.10	2.0	17.2	0.1	14.3	73.30
NaN	2.0	NaN	0.1	NaN	NaN
14.10	2.0	17.2	0.1	14.2	42.40
NaN	2.0	NaN	0.1	NaN	NaN
14.70	2.0	17.2	0.1	14.6	53.80
NaN	2.0	NaN	0.1	NaN	NaN
14.80	2.0	17.1	0.1	14.6	11.70
NaN	2.0	NaN	0.1	NaN	NaN
13.90	2.0	17.1	0.1	13.2	0.00
NaN	2.0	NaN	0.1	NaN	NaN
13.10	2.0	17.0	0.1	12.5	0.00
NaN	2.0	NaN	0.1	NaN	NaN
12.60	2.0	16.9	0.1	11.9	0.00
NaN	2.0	NaN	0.1	NaN	NaN
12.30	2.0	16.8	0.1	11.7	0.00
NaN	2.0	NaN	0.1	NaN	NaN
11.80	2.0	16.6	0.1	11.2	0.00
NaN	2.0	NaN	0.1	NaN	NaN
11.50	2.0	16.5	0.1	10.8	0.00
NaN	2.0	NaN	0.1	NaN	NaN
11.60	2.0	16.3	0.1	10.9	0.00
NaN	2.0	NaN	0.1	NaN	NaN
11.70	2.0	16.2	0.1	10.9	0.00
NaN	2.0	NaN	0.1	NaN	NaN
11.70	2.0	16.1	0.1	11.0	0.00
NaN	2.0	NaN	0.1	NaN	NaN
11.60	2.0	16.0	0.1	11.1	21.90
NaN	2.0	NaN	0.1	NaN	NaN
12.60	2.0	15.8	0.1	12.6	120.20
NaN	2.0	NaN	0.1	NaN	NaN
14.50	2.0	15.7	0.1	14.8	179.80
NaN	2.0	NaN	0.1	NaN	NaN
15.50	2.0	15.7	0.1	16.1	340.10
NaN	2.0	NaN	0.1	NaN	NaN
16.80	2.0	15.8	0.1	18.0	561.80
NaN	2.0	NaN	0.1	NaN	NaN
18.20	2.0	15.9	0.1	19.3	590.10
NaN	2.0	NaN	0.1	NaN	NaN
17.80	2.0	16.2	0.1	18.4	404.20
NaN	2.0	NaN	0.1	NaN	NaN
16.80	2.0	16.4	0.1	18.0	575.80
NaN	2.0	NaN	0.1	NaN	NaN
17.70	2.0	16.7	0.1	19.3	633.60
NaN	2.0	NaN	0.1	NaN	NaN
16.90	2.0	17.0	0.1	17.7	405.90
NaN	2.0	NaN	0.1	NaN	NaN
18.20	2.0	17.2	0.1	19.3	390.90
NaN	2.0	NaN	0.1	NaN	NaN
18.40	2.0	17.5	0.1	19.2	378.80
NaN	2.0	NaN	0.1	NaN	NaN
17.60	2.0	17.6	0.1	17.9	154.40
NaN	2.0	NaN	0.1	NaN	NaN
16.80	2.0	17.7	0.1	16.7	58.50
NaN	2.0	NaN	0.1	NaN	NaN
15.20	2.0	17.7	0.1	14.8	9.60
NaN	2.0	NaN	0.1	NaN	NaN
14.40	2.0	17.6	0.1	13.8	0.00
NaN	2.0	NaN	0.1	NaN	NaN
13.50	2.0	17.5	0.1	12.8	0.00
NaN	2.0	NaN	0.1	NaN	NaN
13.30	2.0	17.4	0.1	12.7	0.00
NaN	2.0	NaN	0.1	NaN	NaN
13.00	2.0	17.2	0.1	12.5	0.00
NaN	2.0	NaN	0.1	NaN	NaN
12.80	2.0	17.0	0.1	12.2	0.00
NaN	2.0	NaN	0.1	NaN	NaN
12.30	2.0	16.9	0.1	11.8	0.00
NaN	2.0	NaN	0.1	NaN	NaN
12.00	2.0	16.7	0.1	11.5	0.00
NaN	2.0	NaN	0.1	NaN	NaN
11.80	2.0	16.6	0.1	11.2	0.00
NaN	2.0	NaN	0.1	NaN	NaN
11.60	2.0	16.5	0.1	11.0	0.00
NaN	2.0	NaN	0.1	NaN	NaN
11.70	2.0	16.3	0.1	11.1	16.70
NaN	2.0	NaN	0.1	NaN	NaN
12.60	2.0	16.2	0.1	12.5	121.00
NaN	2.0	NaN	0.1	NaN	NaN
14.10	2.0	16.1	0.1	15.0	268.10
NaN	2.0	NaN	0.1	NaN	NaN
15.70	2.0	16.0	0.1	17.1	449.30
NaN	2.0	NaN	0.1	NaN	NaN
17.00	2.0	16.1	0.1	18.7	623.90
NaN	2.0	NaN	0.1	NaN	NaN
16.90	2.0	16.3	0.1	18.8	518.10
NaN	2.0	NaN	0.1	NaN	NaN
18.20	2.0	16.5	0.1	19.8	633.80
NaN	2.0	NaN	0.1	NaN	NaN
18.00	2.0	16.9	0.1	19.3	534.20
NaN	2.0	NaN	0.1	NaN	NaN
18.50	2.0	17.2	0.1	19.6	537.30
NaN	2.0	NaN	0.1	NaN	NaN
18.60	2.0	17.5	0.1	19.7	526.70
NaN	2.0	NaN	0.1	NaN	NaN
17.80	2.0	17.7	0.1	18.5	296.00
NaN	2.0	NaN	0.1	NaN	NaN
18.30	2.0	17.9	0.1	19.0	317.10
NaN	2.0	NaN	0.1	NaN	NaN
17.50	2.0	18.0	0.1	17.5	166.40
NaN	2.0	NaN	0.1	NaN	NaN
16.60	2.0	18.0	0.1	16.5	79.30
NaN	2.0	NaN	0.1	NaN	NaN
15.50	2.0	18.0	0.1	15.0	17.60
NaN	2.0	NaN	0.1	NaN	NaN
14.10	2.0	17.8	0.1	13.0	0.00
NaN	2.0	NaN	0.1	NaN	NaN
13.10	2.0	17.7	0.1	11.9	0.00
NaN	2.0	NaN	0.1	NaN	NaN
12.40	2.0	17.5	0.1	11.4	0.00
NaN	2.0	NaN	0.1	NaN	NaN
12.00	2.0	17.3	0.1	11.2	0.00
NaN	2.0	NaN	0.1	NaN	NaN
11.50	2.0	17.1	0.1	10.9	0.00
NaN	2.0	NaN	0.1	NaN	NaN
11.20	2.0	16.9	0.1	10.7	0.00
NaN	2.0	NaN	0.1	NaN	NaN
11.70	2.0	16.8	0.1	11.4	0.00
NaN	2.0	NaN	0.1	NaN	NaN
11.50	2.0	16.6	0.1	10.8	0.00
NaN	2.0	NaN	0.1	NaN	NaN
11.00	2.0	16.5	0.1	10.1	0.00
NaN	2.0	NaN	0.1	NaN	NaN
10.60	2.0	16.4	0.1	10.0	17.60
NaN	2.0	NaN	0.1	NaN	NaN
11.30	2.0	16.2	0.1	11.2	77.10
NaN	2.0	NaN	0.1	NaN	NaN
12.90	2.0	16.1	0.1	13.7	258.50
NaN	2.0	NaN	0.1	NaN	NaN
14.50	2.0	16.1	0.1	15.9	421.10
NaN	2.0	NaN	0.1	NaN	NaN
15.50	2.0	16.2	0.1	16.7	435.00
NaN	2.0	NaN	0.1	NaN	NaN
					
NaN	2.0	NaN	0.1	NaN	NaN
16.30	2.0	17.8	0.1	16.7	144.30
NaN	2.0	NaN	0.1	NaN	NaN
14.80	2.0	17.7	0.1	14.3	25.90
NaN	2.0	NaN	0.1	NaN	NaN
13.40	2.0	17.6	0.1	12.2	0.00
NaN	2.0	NaN	0.1	NaN	NaN
12.50	2.0	17.5	0.1	11.0	0.00
NaN	2.0	NaN	0.1	NaN	NaN
12.60	2.0	17.3	0.1	11.8	0.00
NaN	2.0	NaN	0.1	NaN	NaN
12.60	2.0	17.2	0.1	12.2	0.00
NaN	2.0	NaN	0.1	NaN	NaN
12.60	2.0	17.0	0.1	12.3	0.00
NaN	2.0	NaN	0.1	NaN	NaN
12.30	2.0	16.9	0.1	12.1	0.00
NaN	2.0	NaN	0.1	NaN	NaN
12.40	2.0	16.8	0.1	12.2	0.00
NaN	2.0	NaN	0.1	NaN	NaN
12.40	2.0	16.7	0.1	12.2	0.00
NaN	2.0	NaN	0.1	NaN	NaN
12.40	2.0	16.6	0.1	12.3	0.00
NaN	2.0	NaN	0.1	NaN	NaN
12.40	2.0	16.5	0.1	12.3	7.00
NaN	2.0	NaN	0.1	NaN	NaN
13.00	2.0	16.5	0.1	12.8	61.80
NaN	2.0	NaN	0.1	NaN	NaN
14.50	2.0	16.5	0.1	15.1	280.00
NaN	2.0	NaN	0.1	NaN	NaN
15.80	2.0	16.4	0.1	16.6	332.70
NaN	2.0	NaN	0.1	NaN	NaN
16.50	2.0	16.4	0.1	17.0	349.50
NaN	2.0	NaN	0.1	NaN	NaN
16.00	2.0	16.6	0.1	16.0	129.30
NaN	2.0	NaN	0.1	NaN	NaN
15.50	2.0	16.6	0.1	15.7	130.50
NaN	2.0	NaN	0.1	NaN	NaN
16.20	2.0	16.6	0.1	16.2	86.90
NaN	2.0	NaN	0.1	NaN	NaN
16.40	2.0	16.7	0.1	16.3	95.20
NaN	2.0	NaN	0.1	NaN	NaN
16.40	2.0	16.7	0.1	16.7	180.00
NaN	2.0	NaN	0.1	NaN	NaN
16.50	2.0	16.7	0.1	16.9	192.50
NaN	2.0	NaN	0.1	NaN	NaN
16.80	2.0	16.7	0.1	17.2	215.20
NaN	2.0	NaN	0.1	NaN	NaN
17.50	2.0	16.9	0.1	18.3	261.60
NaN	2.0	NaN	0.1	NaN	NaN
16.90	2.0	16.9	0.1	16.9	60.40
NaN	2.0	NaN	0.1	NaN	NaN
16.20	2.0	17.0	0.1	16.1	8.30
NaN	2.0	NaN	0.1	NaN	NaN
15.70	2.0	17.1	0.1	15.6	0.00
NaN	2.0	NaN	0.1	NaN	NaN
15.80	2.0	17.0	0.1	15.7	0.00
NaN	2.0	NaN	0.1	NaN	NaN
15.50	2.0	17.0	0.1	15.2	0.00
NaN	2.0	NaN	0.1	NaN	NaN
15.60	2.0	16.9	0.1	15.3	0.00
NaN	2.0	NaN	0.1	NaN	NaN
15.60	2.0	16.9	0.1	15.4	0.00
NaN	2.0	NaN	0.1	NaN	NaN
15.10	2.0	16.9	0.1	14.9	0.00
NaN	2.0	NaN	0.1	NaN	NaN
15.00	2.0	16.8	0.1	14.8	0.00
NaN	2.0	NaN	0.1	NaN	NaN
14.80	2.0	16.8	0.1	14.6	0.00
NaN	2.0	NaN	0.1	NaN	NaN
14.20	2.0	16.7	0.1	13.8	0.00
NaN	2.0	NaN	0.1	NaN	NaN
14.30	2.0	16.7	0.1	14.2	9.20
NaN	2.0	NaN	0.1	NaN	NaN
14.60	2.0	16.6	0.1	14.6	99.30
NaN	2.0	NaN	0.1	NaN	NaN
14.70	2.0	16.6	0.1	15.1	118.20
NaN	2.0	NaN	0.1	NaN	NaN
14.90	2.0	16.6	0.1	15.7	256.20
NaN	2.0	NaN	0.1	NaN	NaN
14.70	2.0	16.7	0.1	15.4	327.00
NaN	2.0	NaN	0.1	NaN	NaN
15.50	2.0	16.8	0.1	16.2	306.20
NaN	2.0	NaN	0.1	NaN	NaN
15.20	2.0	16.9	0.1	15.8	284.20
NaN	2.0	NaN	0.1	NaN	NaN
16.10	2.0	17.0	0.1	17.1	302.60
NaN	2.0	NaN	0.1	NaN	NaN
16.10	2.0	17.1	0.1	16.9	380.70
NaN	2.0	NaN	0.1	NaN	NaN
17.40	2.0	17.2	0.1	18.7	427.90
NaN	2.0	NaN	0.1	NaN	NaN
17.50	2.0	17.4	0.1	18.4	329.90
NaN	2.0	NaN	0.1	NaN	NaN
17.10	2.0	17.6	0.1	17.6	271.20
NaN	2.0	NaN	0.1	NaN	NaN
17.50	2.0	17.7	0.1	18.7	303.10
NaN	2.0	NaN	0.1	NaN	NaN
16.10	2.0	17.8	0.1	16.0	75.80
NaN	2.0	NaN	0.1	NaN	NaN
15.30	2.0	17.8	0.1	14.7	18.40
NaN	2.0	NaN	0.1	NaN	NaN
14.10	2.0	17.7	0.1	13.2	0.00
NaN	2.0	NaN	0.1	NaN	NaN
13.70	2.0	17.6	0.1	13.1	0.00
NaN	2.0	NaN	0.1	NaN	NaN
14.00	2.0	17.5	0.1	13.6	0.00
NaN	2.0	NaN	0.1	NaN	NaN
14.30	2.0	17.3	0.1	13.9	0.00
NaN	2.0	NaN	0.1	NaN	NaN
14.50	2.0	17.2	0.1	14.2	0.00
NaN	2.0	NaN	0.1	NaN	NaN
15.10	2.0	17.0	0.1	14.7	0.00
NaN	2.0	NaN	0.1	NaN	NaN
15.20	2.0	16.9	0.1	14.8	0.00
NaN	2.0	NaN	0.1	NaN	NaN
15.40	2.0	16.9	0.1	15.0	0.00
NaN	2.0	NaN	0.1	NaN	NaN
15.10	2.0	16.8	0.1	14.7	0.00
NaN	2.0	NaN	0.1	NaN	NaN
14.80	2.0	16.7	0.1	14.5	2.80
NaN	2.0	NaN	0.1	NaN	NaN
14.60	2.0	16.6	0.1	14.4	7.80
NaN	2.0	NaN	0.1	NaN	NaN
14.80	2.0	16.6	0.1	14.7	49.10
NaN	2.0	NaN	0.1	NaN	NaN
15.10	2.0	16.5	0.1	15.1	97.70
NaN	2.0	NaN	0.1	NaN	NaN
15.50	2.0	16.5	0.1	15.5	120.10
NaN	2.0	NaN	0.1	NaN	NaN
15.70	2.0	16.5	0.1	15.9	165.40
NaN	2.0	NaN	0.1	NaN	NaN
16.20	2.0	16.5	0.1	16.4	201.60
NaN	2.0	NaN	0.1	NaN	NaN
17.50	2.0	16.6	0.1	18.3	423.90
NaN	2.0	NaN	0.1	NaN	NaN
18.10	2.0	16.7	0.1	18.6	288.90
NaN	2.0	NaN	0.1	NaN	NaN
19.20	2.0	16.9	0.1	20.1	404.00
NaN	2.0	NaN	0.1	NaN	NaN
19.90	2.0	17.1	0.1	20.7	429.10
NaN	2.0	NaN	0.1	NaN	NaN
20.40	2.0	17.4	0.1	21.1	421.30
NaN	2.0	NaN	0.1	NaN	NaN
19.30	2.0	17.6	0.1	19.7	252.30
NaN	2.0	NaN	0.1	NaN	NaN
18.20	2.0	17.7	0.1	18.3	126.90
NaN	2.0	NaN	0.1	NaN	NaN
16.80	2.0	17.7	0.1	16.3	18.90
NaN	2.0	NaN	0.1	NaN	NaN
15.40	2.0	17.7	0.1	14.2	0.00
NaN	2.0	NaN	0.1	NaN	NaN
14.80	2.0	17.6	0.1	13.9	0.00
NaN	2.0	NaN	0.1	NaN	NaN
13.90	2.0	17.4	0.1	13.0	0.00
NaN	2.0	NaN	0.1	NaN	NaN
13.50	2.0	17.3	0.1	12.7	0.00
NaN	2.0	NaN	0.1	NaN	NaN
13.50	2.0	17.1	0.1	13.0	0.00
NaN	2.0	NaN	0.1	NaN	NaN
13.70	2.0	17.0	0.1	13.4	0.00
NaN	2.0	NaN	0.1	NaN	NaN
13.80	2.0	16.9	0.1	13.5	0.00
NaN	2.0	NaN	0.1	NaN	NaN
13.80	2.0	16.8	0.1	13.4	0.00
NaN	2.0	NaN	0.1	NaN	NaN
13.30	2.0	16.7	0.1	12.3	0.00
NaN	2.0	NaN	0.1	NaN	NaN
13.20	2.0	16.6	0.1	13.0	20.50
NaN	2.0	NaN	0.1	NaN	NaN
13.50	2.0	16.5	0.1	13.5	82.30
NaN	2.0	NaN	0.1	NaN	NaN
14.00	2.0	16.4	0.1	14.2	88.30
NaN	2.0	NaN	0.1	NaN	NaN
14.70	2.0	16.4	0.1	15.1	166.90
NaN	2.0	NaN	0.1	NaN	NaN
16.10	2.0	16.4	0.1	17.0	306.80
NaN	2.0	NaN	0.1	NaN	NaN
17.20	2.0	16.5	0.1	18.0	324.20
NaN	2.0	NaN	0.1	NaN	NaN
17.20	2.0	16.7	0.1	17.8	156.60
NaN	2.0	NaN	0.1	NaN	NaN
15.90	2.0	16.9	0.1	16.4	176.90
NaN	2.0	NaN	0.1	NaN	NaN
14.50	2.0	17.1	0.1	14.8	141.10
NaN	2.0	NaN	0.1	NaN	NaN
14.10	2.0	17.1	0.1	14.4	145.20
NaN	2.0	NaN	0.1	NaN	NaN
13.80	2.0	17.2	0.1	14.1	98.10
NaN	2.0	NaN	0.1	NaN	NaN
14.10	2.0	17.2	0.1	14.3	73.30
NaN	2.0	NaN	0.1	NaN	NaN
14.10	2.0	17.2	0.1	14.2	42.40
NaN	2.0	NaN	0.1	NaN	NaN
14.70	2.0	17.2	0.1	14.6	53.80
NaN	2.0	NaN	0.1	NaN	NaN
14.80	2.0	17.1	0.1	14.6	11.70
NaN	2.0	NaN	0.1	NaN	NaN
13.90	2.0	17.1	0.1	13.2	0.00
NaN	2.0	NaN	0.1	NaN	NaN
13.10	2.0	17.0	0.1	12.5	0.00
NaN	2.0	NaN	0.1	NaN	NaN
12.60	2.0	16.9	0.1	11.9	0.00
NaN	2.0	NaN	0.1	NaN	NaN
12.30	2.0	16.8	0.1	11.7	0.00
NaN	2.0	NaN	0.1	NaN	NaN
11.80	2.0	16.6	0.1	11.2	0.00
NaN	2.0	NaN	0.1	NaN	NaN
11.50	2.0	16.5	0.1	10.8	0.00
NaN	2.0	NaN	0.1	NaN	NaN
11.60	2.0	16.3	0.1	10.9	0.00
NaN	2.0	NaN	0.1	NaN	NaN
11.70	2.0	16.2	0.1	10.9	0.00
NaN	2.0	NaN	0.1	NaN	NaN
11.70	2.0	16.1	0.1	11.0	0.00
NaN	2.0	NaN	0.1	NaN	NaN
11.60	2.0	16.0	0.1	11.1	21.90
NaN	2.0	NaN	0.1	NaN	NaN
12.60	2.0	15.8	0.1	12.6	120.20
NaN	2.0	NaN	0.1	NaN	NaN
14.50	2.0	15.7	0.1	14.8	179.80
NaN	2.0	NaN	0.1	NaN	NaN
15.50	2.0	15.7	0.1	16.1	340.10
NaN	2.0	NaN	0.1	NaN	NaN
16.80	2.0	15.8	0.1	18.0	561.80
NaN	2.0	NaN	0.1	NaN	NaN
18.20	2.0	15.9	0.1	19.3	590.10
NaN	2.0	NaN	0.1	NaN	NaN
17.80	2.0	16.2	0.1	18.4	404.20
NaN	2.0	NaN	0.1	NaN	NaN
16.80	2.0	16.4	0.1	18.0	575.80
NaN	2.0	NaN	0.1	NaN	NaN
17.70	2.0	16.7	0.1	19.3	633.60
NaN	2.0	NaN	0.1	NaN	NaN
16.90	2.0	17.0	0.1	17.7	405.90
NaN	2.0	NaN	0.1	NaN	NaN
18.20	2.0	17.2	0.1	19.3	390.90
NaN	2.0	NaN	0.1	NaN	NaN
18.40	2.0	17.5	0.1	19.2	378.80
NaN	2.0	NaN	0.1	NaN	NaN
17.60	2.0	17.6	0.1	17.9	154.40
NaN	2.0	NaN	0.1	NaN	NaN
16.80	2.0	17.7	0.1	16.7	58.50
NaN	2.0	NaN	0.1	NaN	NaN
15.20	2.0	17.7	0.1	14.8	9.60
NaN	2.0	NaN	0.1	NaN	NaN
14.40	2.0	17.6	0.1	13.8	0.00
NaN	2.0	NaN	0.1	NaN	NaN
13.50	2.0	17.5	0.1	12.8	0.00
NaN	2.0	NaN	0.1	NaN	NaN
13.30	2.0	17.4	0.1	12.7	0.00
NaN	2.0	NaN	0.1	NaN	NaN
13.00	2.0	17.2	0.1	12.5	0.00
NaN	2.0	NaN	0.1	NaN	NaN
12.80	2.0	17.0	0.1	12.2	0.00
NaN	2.0	NaN	0.1	NaN	NaN
12.30	2.0	16.9	0.1	11.8	0.00
NaN	2.0	NaN	0.1	NaN	NaN
12.00	2.0	16.7	0.1	11.5	0.00
NaN	2.0	NaN	0.1	NaN	NaN
11.80	2.0	16.6	0.1	11.2	0.00
NaN	2.0	NaN	0.1	NaN	NaN
11.60	2.0	16.5	0.1	11.0	0.00
NaN	2.0	NaN	0.1	NaN	NaN
11.70	2.0	16.3	0.1	11.1	16.70
NaN	2.0	NaN	0.1	NaN	NaN
12.60	2.0	16.2	0.1	12.5	121.00
NaN	2.0	NaN	0.1	NaN	NaN
14.10	2.0	16.1	0.1	15.0	268.10
NaN	2.0	NaN	0.1	NaN	NaN
15.70	2.0	16.0	0.1	17.1	449.30
NaN	2.0	NaN	0.1	NaN	NaN
17.00	2.0	16.1	0.1	18.7	623.90
NaN	2.0	NaN	0.1	NaN	NaN
16.90	2.0	16.3	0.1	18.8	518.10
NaN	2.0	NaN	0.1	NaN	NaN
18.20	2.0	16.5	0.1	19.8	633.80
NaN	2.0	NaN	0.1	NaN	NaN
18.00	2.0	16.9	0.1	19.3	534.20
NaN	2.0	NaN	0.1	NaN	NaN
18.50	2.0	17.2	0.1	19.6	537.30
NaN	2.0	NaN	0.1	NaN	NaN
18.60	2.0	17.5	0.1	19.7	526.70
NaN	2.0	NaN	0.1	NaN	NaN
17.80	2.0	17.7	0.1	18.5	296.00
NaN	2.0	NaN	0.1	NaN	NaN
18.30	2.0	17.9	0.1	19.0	317.10
NaN	2.0	NaN	0.1	NaN	NaN
17.50	2.0	18.0	0.1	17.5	166.40
NaN	2.0	NaN	0.1	NaN	NaN
16.60	2.0	18.0	0.1	16.5	79.30
NaN	2.0	NaN	0.1	NaN	NaN
15.50	2.0	18.0	0.1	15.0	17.60
NaN	2.0	NaN	0.1	NaN	NaN
14.10	2.0	17.8	0.1	13.0	0.00
NaN	2.0	NaN	0.1	NaN	NaN
13.10	2.0	17.7	0.1	11.9	0.00
NaN	2.0	NaN	0.1	NaN	NaN
12.40	2.0	17.5	0.1	11.4	0.00
NaN	2.0	NaN	0.1	NaN	NaN
12.00	2.0	17.3	0.1	11.2	0.00
NaN	2.0	NaN	0.1	NaN	NaN
11.50	2.0	17.1	0.1	10.9	0.00
NaN	2.0	NaN	0.1	NaN	NaN
11.20	2.0	16.9	0.1	10.7	0.00
NaN	2.0	NaN	0.1	NaN	NaN
11.70	2.0	16.8	0.1	11.4	0.00
NaN	2.0	NaN	0.1	NaN	NaN
11.50	2.0	16.6	0.1	10.8	0.00
NaN	2.0	NaN	0.1	NaN	NaN
11.00	2.0	16.5	0.1	10.1	0.00
NaN	2.0	NaN	0.1	NaN	NaN
10.60	2.0	16.4	0.1	10.0	17.60
NaN	2.0	NaN	0.1	NaN	NaN
11.30	2.0	16.2	0.1	11.2	77.10
NaN	2.0	NaN	0.1	NaN	NaN
12.90	2.0	16.1	0.1	13.7	258.50
NaN	2.0	NaN	0.1	NaN	NaN
14.50	2.0	16.1	0.1	15.9	421.10
NaN	2.0	NaN	0.1	NaN	NaN
15.50	2.0	16.2	0.1	16.7	435.00
NaN	2.0	NaN	0.1	NaN	NaN
					
NaN	2.0	NaN	0.1	NaN	NaN
16.30	2.0	17.8	0.1	16.7	144.30
NaN	2.0	NaN	0.1	NaN	NaN
14.80	2.0	17.7	0.1	14.3	25.90
NaN	2.0	NaN	0.1	NaN	NaN
13.40	2.0	17.6	0.1	12.2	0.00
NaN	2.0	NaN	0.1	NaN	NaN
12.50	2.0	17.5	0.1	11.0	0.00
NaN	2.0	NaN	0.1	NaN	NaN
12.60	2.0	17.3	0.1	11.8	0.00
NaN	2.0	NaN	0.1	NaN	NaN
12.60	2.0	17.2	0.1	12.2	0.00
NaN	2.0	NaN	0.1	NaN	NaN
12.60	2.0	17.0	0.1	12.3	0.00
NaN	2.0	NaN	0.1	NaN	NaN
12.30	2.0	16.9	0.1	12.1	0.00
NaN	2.0	NaN	0.1	NaN	NaN
12.40	2.0	16.8	0.1	12.2	0.00
NaN	2.0	NaN	0.1	NaN	NaN
12.40	2.0	16.7	0.1	12.2	0.00
NaN	2.0	NaN	0.1	NaN	NaN
12.40	2.0	16.6	0.1	12.3	0.00
NaN	2.0	NaN	0.1	NaN	NaN
12.40	2.0	16.5	0.1	12.3	7.00
NaN	2.0	NaN	0.1	NaN	NaN
13.00	2.0	16.5	0.1	12.8	61.80
NaN	2.0	NaN	0.1	NaN	NaN
14.50	2.0	16.5	0.1	15.1	280.00
NaN	2.0	NaN	0.1	NaN	NaN
15.80	2.0	16.4	0.1	16.6	332.70
NaN	2.0	NaN	0.1	NaN	NaN
16.50	2.0	16.4	0.1	17.0	349.50
NaN	2.0	NaN	0.1	NaN	NaN
16.00	2.0	16.6	0.1	16.0	129.30
NaN	2.0	NaN	0.1	NaN	NaN
15.50	2.0	16.6	0.1	15.7	130.50
NaN	2.0	NaN	0.1	NaN	NaN
16.20	2.0	16.6	0.1	16.2	86.90
NaN	2.0	NaN	0.1	NaN	NaN
16.40	2.0	16.7	0.1	16.3	95.20
NaN	2.0	NaN	0.1	NaN	NaN
16.40	2.0	16.7	0.1	16.7	180.00
NaN	2.0	NaN	0.1	NaN	NaN
16.50	2.0	16.7	0.1	16.9	192.50
NaN	2.0	NaN	0.1	NaN	NaN
16.80	2.0	16.7	0.1	17.2	215.20
NaN	2.0	NaN	0.1	NaN	NaN
17.50	2.0	16.9	0.1	18.3	261.60
NaN	2.0	NaN	0.1	NaN	NaN
16.90	2.0	16.9	0.1	16.9	60.40
NaN	2.0	NaN	0.1	NaN	NaN
16.20	2.0	17.0	0.1	16.1	8.30
NaN	2.0	NaN	0.1	NaN	NaN
15.70	2.0	17.1	0.1	15.6	0.00
NaN	2.0	NaN	0.1	NaN	NaN
15.80	2.0	17.0	0.1	15.7	0.00
NaN	2.0	NaN	0.1	NaN	NaN
15.50	2.0	17.0	0.1	15.2	0.00
NaN	2.0	NaN	0.1	NaN	NaN
15.60	2.0	16.9	0.1	15.3	0.00
NaN	2.0	NaN	0.1	NaN	NaN
15.60	2.0	16.9	0.1	15.4	0.00
NaN	2.0	NaN	0.1	NaN	NaN
15.10	2.0	16.9	0.1	14.9	0.00
NaN	2.0	NaN	0.1	NaN	NaN
15.00	2.0	16.8	0.1	14.8	0.00
NaN	2.0	NaN	0.1	NaN	NaN
14.80	2.0	16.8	0.1	14.6	0.00
NaN	2.0	NaN	0.1	NaN	NaN
14.20	2.0	16.7	0.1	13.8	0.00
NaN	2.0	NaN	0.1	NaN	NaN
14.30	2.0	16.7	0.1	14.2	9.20
NaN	2.0	NaN	0.1	NaN	NaN
14.60	2.0	16.6	0.1	14.6	99.30
NaN	2.0	NaN	0.1	NaN	NaN
14.70	2.0	16.6	0.1	15.1	118.20
NaN	2.0	NaN	0.1	NaN	NaN
14.90	2.0	16.6	0.1	15.7	256.20
NaN	2.0	NaN	0.1	NaN	NaN
14.70	2.0	16.7	0.1	15.4	327.00
NaN	2.0	NaN	0.1	NaN	NaN
15.50	2.0	16.8	0.1	16.2	306.20
NaN	2.0	NaN	0.1	NaN	NaN
15.20	2.0	16.9	0.1	15.8	284.20
NaN	2.0	NaN	0.1	NaN	NaN
16.10	2.0	17.0	0.1	17.1	302.60
NaN	2.0	NaN	0.1	NaN	NaN
16.10	2.0	17.1	0.1	16.9	380.70
NaN	2.0	NaN	0.1	NaN	NaN
17.40	2.0	17.2	0.1	18.7	427.90
NaN	2.0	NaN	0.1	NaN	NaN
17.50	2.0	17.4	0.1	18.4	329.90
NaN	2.0	NaN	0.1	NaN	NaN
17.10	2.0	17.6	0.1	17.6	271.20
NaN	2.0	NaN	0.1	NaN	NaN
17.50	2.0	17.7	0.1	18.7	303.10
NaN	2.0	NaN	0.1	NaN	NaN
16.10	2.0	17.8	0.1	16.0	75.80
NaN	2.0	NaN	0.1	NaN	NaN
15.30	2.0	17.8	0.1	14.7	18.40
NaN	2.0	NaN	0.1	NaN	NaN
14.10	2.0	17.7	0.1	13.2	0.00
NaN	2.0	NaN	0.1	NaN	NaN
13.70	2.0	17.6	0.1	13.1	0.00
NaN	2.0	NaN	0.1	NaN	NaN
14.00	2.0	17.5	0.1	13.6	0.00
NaN	2.0	NaN	0.1	NaN	NaN
14.30	2.0	17.3	0.1	13.9	0.00
NaN	2.0	NaN	0.1	NaN	NaN
14.50	2.0	17.2	0.1	14.2	0.00
NaN	2.0	NaN	0.1	NaN	NaN
15.10	2.0	17.0	0.1	14.7	0.00
NaN	2.0	NaN	0.1	NaN	NaN
15.20	2.0	16.9	0.1	14.8	0.00
NaN	2.0	NaN	0.1	NaN	NaN
15.40	2.0	16.9	0.1	15.0	0.00
NaN	2.0	NaN	0.1	NaN	NaN
15.10	2.0	16.8	0.1	14.7	0.00
NaN	2.0	NaN	0.1	NaN	NaN
14.80	2.0	16.7	0.1	14.5	2.80
NaN	2.0	NaN	0.1	NaN	NaN
14.60	2.0	16.6	0.1	14.4	7.80
NaN	2.0	NaN	0.1	NaN	NaN
14.80	2.0	16.6	0.1	14.7	49.10
NaN	2.0	NaN	0.1	NaN	NaN
15.10	2.0	16.5	0.1	15.1	97.70
NaN	2.0	NaN	0.1	NaN	NaN
15.50	2.0	16.5	0.1	15.5	120.10
NaN	2.0	NaN	0.1	NaN	NaN
15.70	2.0	16.5	0.1	15.9	165.40
NaN	2.0	NaN	0.1	NaN	NaN
16.20	2.0	16.5	0.1	16.4	201.60
NaN	2.0	NaN	0.1	NaN	NaN
17.50	2.0	16.6	0.1	18.3	423.90
NaN	2.0	NaN	0.1	NaN	NaN
18.10	2.0	16.7	0.1	18.6	288.90
NaN	2.0	NaN	0.1	NaN	NaN
19.20	2.0	16.9	0.1	20.1	404.00
NaN	2.0	NaN	0.1	NaN	NaN
19.90	2.0	17.1	0.1	20.7	429.10
NaN	2.0	NaN	0.1	NaN	NaN
20.40	2.0	17.4	0.1	21.1	421.30
NaN	2.0	NaN	0.1	NaN	NaN
19.30	2.0	17.6	0.1	19.7	252.30
NaN	2.0	NaN	0.1	NaN	NaN
18.20	2.0	17.7	0.1	18.3	126.90
NaN	2.0	NaN	0.1	NaN	NaN
16.80	2.0	17.7	0.1	16.3	18.90
NaN	2.0	NaN	0.1	NaN	NaN
15.40	2.0	17.7	0.1	14.2	0.00
NaN	2.0	NaN	0.1	NaN	NaN
14.80	2.0	17.6	0.1	13.9	0.00
NaN	2.0	NaN	0.1	NaN	NaN
13.90	2.0	17.4	0.1	13.0	0.00
NaN	2.0	NaN	0.1	NaN	NaN
13.50	2.0	17.3	0.1	12.7	0.00
NaN	2.0	NaN	0.1	NaN	NaN
13.50	2.0	17.1	0.1	13.0	0.00
NaN	2.0	NaN	0.1	NaN	NaN
13.70	2.0	17.0	0.1	13.4	0.00
NaN	2.0	NaN	0.1	NaN	NaN
13.80	2.0	16.9	0.1	13.5	0.00
NaN	2.0	NaN	0.1	NaN	NaN
13.80	2.0	16.8	0.1	13.4	0.00
NaN	2.0	NaN	0.1	NaN	NaN
13.30	2.0	16.7	0.1	12.3	0.00
NaN	2.0	NaN	0.1	NaN	NaN
13.20	2.0	16.6	0.1	13.0	20.50
NaN	2.0	NaN	0.1	NaN	NaN
13.50	2.0	16.5	0.1	13.5	82.30
NaN	2.0	NaN	0.1	NaN	NaN
14.00	2.0	16.4	0.1	14.2	88.30
NaN	2.0	NaN	0.1	NaN	NaN
14.70	2.0	16.4	0.1	15.1	166.90
NaN	2.0	NaN	0.1	NaN	NaN
16.10	2.0	16.4	0.1	17.0	306.80
NaN	2.0	NaN	0.1	NaN	NaN
17.20	2.0	16.5	0.1	18.0	324.20
NaN	2.0	NaN	0.1	NaN	NaN
17.20	2.0	16.7	0.1	17.8	156.60
NaN	2.0	NaN	0.1	NaN	NaN
15.90	2.0	16.9	0.1	16.4	176.90
NaN	2.0	NaN	0.1	NaN	NaN
14.50	2.0	17.1	0.1	14.8	141.10
NaN	2.0	NaN	0.1	NaN	NaN
14.10	2.0	17.1	0.1	14.4	145.20
NaN	2.0	NaN	0.1	NaN	NaN
13.80	2.0	17.2	0.1	14.1	98.10
NaN	2.0	NaN	0.1	NaN	NaN
14.10	2.0	17.2	0.1	14.3	73.30
NaN	2.0	NaN	0.1	NaN	NaN
14.10	2.0	17.2	0.1	14.2	42.40
NaN	2.0	NaN	0.1	NaN	NaN
14.70	2.0	17.2	0.1	14.6	53.80
NaN	2.0	NaN	0.1	NaN	NaN
14.80	2.0	17.1	0.1	14.6	11.70
NaN	2.0	NaN	0.1	NaN	NaN
13.90	2.0	17.1	0.1	13.2	0.00
NaN	2.0	NaN	0.1	NaN	NaN
13.10	2.0	17.0	0.1	12.5	0.00
NaN	2.0	NaN	0.1	NaN	NaN
12.60	2.0	16.9	0.1	11.9	0.00
NaN	2.0	NaN	0.1	NaN	NaN
12.30	2.0	16.8	0.1	11.7	0.00
NaN	2.0	NaN	0.1	NaN	NaN
11.80	2.0	16.6	0.1	11.2	0.00
NaN	2.0	NaN	0.1	NaN	NaN
11.50	2.0	16.5	0.1	10.8	0.00
NaN	2.0	NaN	0.1	NaN	NaN
11.60	2.0	16.3	0.1	10.9	0.00
NaN	2.0	NaN	0.1	NaN	NaN
11.70	2.0	16.2	0.1	10.9	0.00
NaN	2.0	NaN	0.1	NaN	NaN
11.70	2.0	16.1	0.1	11.0	0.00
NaN	2.0	NaN	0.1	NaN	NaN
11.60	2.0	16.0	0.1	11.1	21.90
NaN	2.0	NaN	0.1	NaN	NaN
12.60	2.0	15.8	0.1	12.6	120.20
NaN	2.0	NaN	0.1	NaN	NaN
14.50	2.0	15.7	0.1	14.8	179.80
NaN	2.0	NaN	0.1	NaN	NaN
15.50	2.0	15.7	0.1	16.1	340.10
NaN	2.0	NaN	0.1	NaN	NaN
16.80	2.0	15.8	0.1	18.0	561.80
NaN	2.0	NaN	0.1	NaN	NaN
18.20	2.0	15.9	0.1	19.3	590.10
NaN	2.0	NaN	0.1	NaN	NaN
17.80	2.0	16.2	0.1	18.4	404.20
NaN	2.0	NaN	0.1	NaN	NaN
16.80	2.0	16.4	0.1	18.0	575.80
NaN	2.0	NaN	0.1	NaN	NaN
17.70	2.0	16.7	0.1	19.3	633.60
NaN	2.0	NaN	0.1	NaN	NaN
16.90	2.0	17.0	0.1	17.7	405.90
NaN	2.0	NaN	0.1	NaN	NaN
18.20	2.0	17.2	0.1	19.3	390.90
NaN	2.0	NaN	0.1	NaN	NaN
18.40	2.0	17.5	0.1	19.2	378.80
NaN	2.0	NaN	0.1	NaN	NaN
17.60	2.0	17.6	0.1	17.9	154.40
NaN	2.0	NaN	0.1	NaN	NaN
16.80	2.0	17.7	0.1	16.7	58.50
NaN	2.0	NaN	0.1	NaN	NaN
15.20	2.0	17.7	0.1	14.8	9.60
NaN	2.0	NaN	0.1	NaN	NaN
14.40	2.0	17.6	0.1	13.8	0.00
NaN	2.0	NaN	0.1	NaN	NaN
13.50	2.0	17.5	0.1	12.8	0.00
NaN	2.0	NaN	0.1	NaN	NaN
13.30	2.0	17.4	0.1	12.7	0.00
NaN	2.0	NaN	0.1	NaN	NaN
13.00	2.0	17.2	0.1	12.5	0.00
NaN	2.0	NaN	0.1	NaN	NaN
12.80	2.0	17.0	0.1	12.2	0.00
NaN	2.0	NaN	0.1	NaN	NaN
12.30	2.0	16.9	0.1	11.8	0.00
NaN	2.0	NaN	0.1	NaN	NaN
12.00	2.0	16.7	0.1	11.5	0.00
NaN	2.0	NaN	0.1	NaN	NaN
11.80	2.0	16.6	0.1	11.2	0.00
NaN	2.0	NaN	0.1	NaN	NaN
11.60	2.0	16.5	0.1	11.0	0.00
NaN	2.0	NaN	0.1	NaN	NaN
11.70	2.0	16.3	0.1	11.1	16.70
NaN	2.0	NaN	0.1	NaN	NaN
12.60	2.0	16.2	0.1	12.5	121.00
NaN	2.0	NaN	0.1	NaN	NaN
14.10	2.0	16.1	0.1	15.0	268.10
NaN	2.0	NaN	0.1	NaN	NaN
15.70	2.0	16.0	0.1	17.1	449.30
NaN	2.0	NaN	0.1	NaN	NaN
17.00	2.0	16.1	0.1	18.7	623.90
NaN	2.0	NaN	0.1	NaN	NaN
16.90	2.0	16.3	0.1	18.8	518.10
NaN	2.0	NaN	0.1	NaN	NaN
18.20	2.0	16.5	0.1	19.8	633.80
NaN	2.0	NaN	0.1	NaN	NaN
18.00	2.0	16.9	0.1	19.3	534.20
NaN	2.0	NaN	0.1	NaN	NaN
18.50	2.0	17.2	0.1	19.6	537.30
NaN	2.0	NaN	0.1	NaN	NaN
18.60	2.0	17.5	0.1	19.7	526.70
NaN	2.0	NaN	0.1	NaN	NaN
17.80	2.0	17.7	0.1	18.5	296.00
NaN	2.0	NaN	0.1	NaN	NaN
18.30	2.0	17.9	0.1	19.0	317.10
NaN	2.0	NaN	0.1	NaN	NaN
17.50	2.0	18.0	0.1	17.5	166.40
NaN	2.0	NaN	0.1	NaN	NaN
16.60	2.0	18.0	0.1	16.5	79.30
NaN	2.0	NaN	0.1	NaN	NaN
15.50	2.0	18.0	0.1	15.0	17.60
NaN	2.0	NaN	0.1	NaN	NaN
14.10	2.0	17.8	0.1	13.0	0.00
NaN	2.0	NaN	0.1	NaN	NaN
13.10	2.0	17.7	0.1	11.9	0.00
NaN	2.0	NaN	0.1	NaN	NaN
12.40	2.0	17.5	0.1	11.4	0.00
NaN	2.0	NaN	0.1	NaN	NaN
12.00	2.0	17.3	0.1	11.2	0.00
NaN	2.0	NaN	0.1	NaN	NaN
11.50	2.0	17.1	0.1	10.9	0.00
NaN	2.0	NaN	0.1	NaN	NaN
11.20	2.0	16.9	0.1	10.7	0.00
NaN	2.0	NaN	0.1	NaN	NaN
11.70	2.0	16.8	0.1	11.4	0.00
NaN	2.0	NaN	0.1	NaN	NaN
11.50	2.0	16.6	0.1	10.8	0.00
NaN	2.0	NaN	0.1	NaN	NaN
11.00	2.0	16.5	0.1	10.1	0.00
NaN	2.0	NaN	0.1	NaN	NaN
10.60	2.0	16.4	0.1	10.0	17.60
NaN	2.0	NaN	0.1	NaN	NaN
11.30	2.0	16.2	0.1	11.2	77.10
NaN	2.0	NaN	0.1	NaN	NaN
12.90	2.0	16.1	0.1	13.7	258.50
NaN	2.0	NaN	0.1	NaN	NaN
14.50	2.0	16.1	0.1	15.9	421.10
NaN	2.0	NaN	0.1	NaN	NaN
15.50	2.0	16.2	0.1	16.7	435.00
NaN	2.0	NaN	0.1	NaN	NaN
					
NaN	2.0	NaN	0.1	NaN	NaN
16.30	2.0	17.8	0.1	16.7	144.30
NaN	2.0	NaN	0.1	NaN	NaN
14.80	2.0	17.7	0.1	14.3	25.90
NaN	2.0	NaN	0.1	NaN	NaN
13.40	2.0	17.6	0.1	12.2	0.00
NaN	2.0	NaN	0.1	NaN	NaN
12.50	2.0	17.5	0.1	11.0	0.00
NaN	2.0	NaN	0.1	NaN	NaN
12.60	2.0	17.3	0.1	11.8	0.00
NaN	2.0	NaN	0.1	NaN	NaN
12.60	2.0	17.2	0.1	12.2	0.00
NaN	2.0	NaN	0.1	NaN	NaN
12.60	2.0	17.0	0.1	12.3	0.00
NaN	2.0	NaN	0.1	NaN	NaN
12.30	2.0	16.9	0.1	12.1	0.00
NaN	2.0	NaN	0.1	NaN	NaN
12.40	2.0	16.8	0.1	12.2	0.00
NaN	2.0	NaN	0.1	NaN	NaN
12.40	2.0	16.7	0.1	12.2	0.00
NaN	2.0	NaN	0.1	NaN	NaN
12.40	2.0	16.6	0.1	12.3	0.00
NaN	2.0	NaN	0.1	NaN	NaN
12.40	2.0	16.5	0.1	12.3	7.00
NaN	2.0	NaN	0.1	NaN	NaN
13.00	2.0	16.5	0.1	12.8	61.80
NaN	2.0	NaN	0.1	NaN	NaN
14.50	2.0	16.5	0.1	15.1	280.00
NaN	2.0	NaN	0.1	NaN	NaN
15.80	2.0	16.4	0.1	16.6	332.70
NaN	2.0	NaN	0.1	NaN	NaN
16.50	2.0	16.4	0.1	17.0	349.50
NaN	2.0	NaN	0.1	NaN	NaN
16.00	2.0	16.6	0.1	16.0	129.30
NaN	2.0	NaN	0.1	NaN	NaN
15.5	2.0	16.6	0.1	15.7	130.5
NaN	2.0	NaN	0.1	NaN	NaN
16.2	2.0	16.6	0.1	16.2	86.9
NaN	2.0	NaN	0.1	NaN	NaN
16.4	2.0	16.7	0.1	16.3	95.2
NaN	2.0	NaN	0.1	NaN	NaN
16.4	2.0	16.7	0.1	16.7	180
NaN	2.0	NaN	0.1	NaN	NaN
16.5	2.0	16.7	0.1	16.9	192.5
NaN	2.0	NaN	0.1	NaN	NaN
16.8	2.0	16.7	0.1	17.2	215.2
NaN	2.0	NaN	0.1	NaN	NaN
17.5	2.0	16.9	0.1	18.3	261.6
NaN	2.0	NaN	0.1	NaN	NaN
16.9	2.0	16.9	0.1	16.9	60.4
NaN	2.0	NaN	0.1	NaN	NaN
16.2	2.0	17	0.1	16.1	8.3
NaN	2.0	NaN	0.1	NaN	NaN
15.7	2.0	17.1	0.1	15.6	0
NaN	2.0	NaN	0.1	NaN	NaN
15.8	2.0	17	0.1	15.7	0
NaN	2.0	NaN	0.1	NaN	NaN
15.5	2.0	17	0.1	15.2	0
NaN	2.0	NaN	0.1	NaN	NaN
15.6	2.0	16.9	0.1	15.3	0
NaN	2.0	NaN	0.1	NaN	NaN
15.6	2.0	16.9	0.1	15.4	0
NaN	2.0	NaN	0.1	NaN	NaN
15.1	2.0	16.9	0.1	14.9	0
NaN	2.0	NaN	0.1	NaN	NaN
15	2.0	16.8	0.1	14.8	0
NaN	2.0	NaN	0.1	NaN	NaN
14.8	2.0	16.8	0.1	14.6	0
NaN	2.0	NaN	0.1	NaN	NaN
14.2	2.0	16.7	0.1	13.8	0
NaN	2.0	NaN	0.1	NaN	NaN
14.3	2.0	16.7	0.1	14.2	9.2
NaN	2.0	NaN	0.1	NaN	NaN
14.6	2.0	16.6	0.1	14.6	99.3
NaN	2.0	NaN	0.1	NaN	NaN
14.7	2.0	16.6	0.1	15.1	118.2
NaN	2.0	NaN	0.1	NaN	NaN
14.9	2.0	16.6	0.1	15.7	256.2
NaN	2.0	NaN	0.1	NaN	NaN
14.7	2.0	16.7	0.1	15.4	327
NaN	2.0	NaN	0.1	NaN	NaN
15.5	2.0	16.8	0.1	16.2	306.2
NaN	2.0	NaN	0.1	NaN	NaN
15.2	2.0	16.9	0.1	15.8	284.2
NaN	2.0	NaN	0.1	NaN	NaN
16.1	2.0	17	0.1	17.1	302.6
NaN	2.0	NaN	0.1	NaN	NaN
16.1	2.0	17.1	0.1	16.9	380.7
NaN	2.0	NaN	0.1	NaN	NaN
17.4	2.0	17.2	0.1	18.7	427.9
NaN	2.0	NaN	0.1	NaN	NaN
17.5	2.0	17.4	0.1	18.4	329.9
NaN	2.0	NaN	0.1	NaN	NaN
17.1	2.0	17.6	0.1	17.6	271.2
NaN	2.0	NaN	0.1	NaN	NaN
17.5	2.0	17.7	0.1	18.7	303.1
NaN	2.0	NaN	0.1	NaN	NaN
16.1	2.0	17.8	0.1	16.0	75.8
NaN	2.0	NaN	0.1	NaN	NaN
15.3	2.0	17.8	0.1	14.7	18.4
NaN	2.0	NaN	0.1	NaN	NaN
14.1	2.0	17.7	0.1	13.2	0
NaN	2.0	NaN	0.1	NaN	NaN
13.7	2.0	17.6	0.1	13.1	0
NaN	2.0	NaN	0.1	NaN	NaN
14	2.0	17.5	0.1	13.6	0
NaN	2.0	NaN	0.1	NaN	NaN
14.3	2.0	17.3	0.1	13.9	0
NaN	2.0	NaN	0.1	NaN	NaN
14.5	2.0	17.2	0.1	14.2	0
NaN	2.0	NaN	0.1	NaN	NaN
15.1	2.0	17	0.1	14.7	0
NaN	2.0	NaN	0.1	NaN	NaN
15.2	2.0	16.9	0.1	14.8	0
NaN	2.0	NaN	0.1	NaN	NaN
15.4	2.0	16.9	0.1	15.0	0
NaN	2.0	NaN	0.1	NaN	NaN
15.1	2.0	16.8	0.1	14.7	0
NaN	2.0	NaN	0.1	NaN	NaN
14.8	2.0	16.7	0.1	14.5	2.8
NaN	2.0	NaN	0.1	NaN	NaN
14.6	2.0	16.6	0.1	14.4	7.8
NaN	2.0	NaN	0.1	NaN	NaN
14.8	2.0	16.6	0.1	14.7	49.1
NaN	2.0	NaN	0.1	NaN	NaN
15.1	2.0	16.5	0.1	15.1	97.7
NaN	2.0	NaN	0.1	NaN	NaN
15.5	2.0	16.5	0.1	15.5	120.1
NaN	2.0	NaN	0.1	NaN	NaN
15.7	2.0	16.5	0.1	15.9	165.4
NaN	2.0	NaN	0.1	NaN	NaN
16.2	2.0	16.5	0.1	16.4	201.6
NaN	2.0	NaN	0.1	NaN	NaN
17.5	2.0	16.6	0.1	18.3	423.9
NaN	2.0	NaN	0.1	NaN	NaN
18.1	2.0	16.7	0.1	18.6	288.9
NaN	2.0	NaN	0.1	NaN	NaN
19.2	2.0	16.9	0.1	20.1	404
NaN	2.0	NaN	0.1	NaN	NaN
19.9	2.0	17.1	0.1	20.7	429.1
NaN	2.0	NaN	0.1	NaN	NaN
20.4	2.0	17.4	0.1	21.1	421.3
NaN	2.0	NaN	0.1	NaN	NaN
19.3	2.0	17.6	0.1	19.7	252.3
NaN	2.0	NaN	0.1	NaN	NaN
18.2	2.0	17.7	0.1	18.3	126.9
NaN	2.0	NaN	0.1	NaN	NaN
16.8	2.0	17.7	0.1	16.3	18.9
NaN	2.0	NaN	0.1	NaN	NaN
15.4	2.0	17.7	0.1	14.2	0
NaN	2.0	NaN	0.1	NaN	NaN
14.8	2.0	17.6	0.1	13.9	0
NaN	2.0	NaN	0.1	NaN	NaN
13.9	2.0	17.4	0.1	13.0	0
NaN	2.0	NaN	0.1	NaN	NaN
13.5	2.0	17.3	0.1	12.7	0
NaN	2.0	NaN	0.1	NaN	NaN
13.5	2.0	17.1	0.1	13.0	0
NaN	2.0	NaN	0.1	NaN	NaN
13.7	2.0	17	0.1	13.4	0
NaN	2.0	NaN	0.1	NaN	NaN
13.8	2.0	16.9	0.1	13.5	0
NaN	2.0	NaN	0.1	NaN	NaN
13.8	2.0	16.8	0.1	13.4	0
NaN	2.0	NaN	0.1	NaN	NaN
13.3	2.0	16.7	0.1	12.3	0
NaN	2.0	NaN	0.1	NaN	NaN
13.2	2.0	16.6	0.1	13.0	20.5
NaN	2.0	NaN	0.1	NaN	NaN
13.5	2.0	16.5	0.1	13.5	82.3
NaN	2.0	NaN	0.1	NaN	NaN
14	2.0	16.4	0.1	14.2	88.3
NaN	2.0	NaN	0.1	NaN	NaN
14.7	2.0	16.4	0.1	15.1	166.9
NaN	2.0	NaN	0.1	NaN	NaN
16.1	2.0	16.4	0.1	17.0	306.8
NaN	2.0	NaN	0.1	NaN	NaN
17.2	2.0	16.5	0.1	18.0	324.2
NaN	2.0	NaN	0.1	NaN	NaN
17.2	2.0	16.7	0.1	17.8	156.6
NaN	2.0	NaN	0.1	NaN	NaN
15.9	2.0	16.9	0.1	16.4	176.9
NaN	2.0	NaN	0.1	NaN	NaN
14.5	2.0	17.1	0.1	14.8	141.1
NaN	2.0	NaN	0.1	NaN	NaN
14.1	2.0	17.1	0.1	14.4	145.2
NaN	2.0	NaN	0.1	NaN	NaN
13.8	2.0	17.2	0.1	14.1	98.1
NaN	2.0	NaN	0.1	NaN	NaN
14.1	2.0	17.2	0.1	14.3	73.3
NaN	2.0	NaN	0.1	NaN	NaN
14.1	2.0	17.2	0.1	14.2	42.4
NaN	2.0	NaN	0.1	NaN	NaN
14.7	2.0	17.2	0.1	14.6	53.8
NaN	2.0	NaN	0.1	NaN	NaN
14.8	2.0	17.1	0.1	14.6	11.7
NaN	2.0	NaN	0.1	NaN	NaN
13.9	2.0	17.1	0.1	13.2	0
NaN	2.0	NaN	0.1	NaN	NaN
13.1	2.0	17	0.1	12.5	0
NaN	2.0	NaN	0.1	NaN	NaN
12.6	2.0	16.9	0.1	11.9	0
NaN	2.0	NaN	0.1	NaN	NaN
12.3	2.0	16.8	0.1	11.7	0
NaN	2.0	NaN	0.1	NaN	NaN
11.8	2.0	16.6	0.1	11.2	0
NaN	2.0	NaN	0.1	NaN	NaN
11.5	2.0	16.5	0.1	10.8	0
NaN	2.0	NaN	0.1	NaN	NaN
11.6	2.0	16.3	0.1	10.9	0
NaN	2.0	NaN	0.1	NaN	NaN
11.7	2.0	16.2	0.1	10.9	0
NaN	2.0	NaN	0.1	NaN	NaN
11.7	2.0	16.1	0.1	11.0	0
NaN	2.0	NaN	0.1	NaN	NaN
11.6	2.0	16	0.1	11.1	21.9
NaN	2.0	NaN	0.1	NaN	NaN
12.6	2.0	15.8	0.1	12.6	120.2
NaN	2.0	NaN	0.1	NaN	NaN
14.5	2.0	15.7	0.1	14.8	179.8
NaN	2.0	NaN	0.1	NaN	NaN
15.5	2.0	15.7	0.1	16.1	340.1
NaN	2.0	NaN	0.1	NaN	NaN
16.8	2.0	15.8	0.1	18.0	561.8
NaN	2.0	NaN	0.1	NaN	NaN
18.2	2.0	15.9	0.1	19.3	590.1
NaN	2.0	NaN	0.1	NaN	NaN
17.8	2.0	16.2	0.1	18.4	404.2
NaN	2.0	NaN	0.1	NaN	NaN
16.8	2.0	16.4	0.1	18.0	575.8
NaN	2.0	NaN	0.1	NaN	NaN
17.7	2.0	16.7	0.1	19.3	633.6
NaN	2.0	NaN	0.1	NaN	NaN
16.9	2.0	17	0.1	17.7	405.9
NaN	2.0	NaN	0.1	NaN	NaN
18.2	2.0	17.2	0.1	19.3	390.9
NaN	2.0	NaN	0.1	NaN	NaN
18.4	2.0	17.5	0.1	19.2	378.8
NaN	2.0	NaN	0.1	NaN	NaN
17.6	2.0	17.6	0.1	17.9	154.4
NaN	2.0	NaN	0.1	NaN	NaN
16.8	2.0	17.7	0.1	16.7	58.5
NaN	2.0	NaN	0.1	NaN	NaN
15.2	2.0	17.7	0.1	14.8	9.6
NaN	2.0	NaN	0.1	NaN	NaN
14.4	2.0	17.6	0.1	13.8	0
NaN	2.0	NaN	0.1	NaN	NaN
13.5	2.0	17.5	0.1	12.8	0
NaN	2.0	NaN	0.1	NaN	NaN
13.3	2.0	17.4	0.1	12.7	0
NaN	2.0	NaN	0.1	NaN	NaN
13	2.0	17.2	0.1	12.5	0
NaN	2.0	NaN	0.1	NaN	NaN
12.8	2.0	17	0.1	12.2	0
NaN	2.0	NaN	0.1	NaN	NaN
12.3	2.0	16.9	0.1	11.8	0
NaN	2.0	NaN	0.1	NaN	NaN
12	2.0	16.7	0.1	11.5	0
NaN	2.0	NaN	0.1	NaN	NaN
11.8	2.0	16.6	0.1	11.2	0
NaN	2.0	NaN	0.1	NaN	NaN
11.6	2.0	16.5	0.1	11.0	0
NaN	2.0	NaN	0.1	NaN	NaN
11.7	2.0	16.3	0.1	11.1	16.7
NaN	2.0	NaN	0.1	NaN	NaN
12.6	2.0	16.2	0.1	12.5	121
NaN	2.0	NaN	0.1	NaN	NaN
14.1	2.0	16.1	0.1	15.0	268.1
NaN	2.0	NaN	0.1	NaN	NaN
15.7	2.0	16	0.1	17.1	449.3
NaN	2.0	NaN	0.1	NaN	NaN
17	2.0	16.1	0.1	18.7	623.9
NaN	2.0	NaN	0.1	NaN	NaN
16.9	2.0	16.3	0.1	18.8	518.1
NaN	2.0	NaN	0.1	NaN	NaN
18.2	2.0	16.5	0.1	19.8	633.8
NaN	2.0	NaN	0.1	NaN	NaN
18	2.0	16.9	0.1	19.3	534.2
NaN	2.0	NaN	0.1	NaN	NaN
18.5	2.0	17.2	0.1	19.6	537.3
NaN	2.0	NaN	0.1	NaN	NaN
18.6	2.0	17.5	0.1	19.7	526.7
NaN	2.0	NaN	0.1	NaN	NaN
17.8	2.0	17.7	0.1	18.5	296
NaN	2.0	NaN	0.1	NaN	NaN
18.3	2.0	17.9	0.1	19.0	317.1
NaN	2.0	NaN	0.1	NaN	NaN
17.5	2.0	18	0.1	17.5	166.4
NaN	2.0	NaN	0.1	NaN	NaN
16.6	2.0	18	0.1	16.5	79.3
NaN	2.0	NaN	0.1	NaN	NaN
15.5	2.0	18	0.1	15.0	17.6
NaN	2.0	NaN	0.1	NaN	NaN
14.1	2.0	17.8	0.1	13.0	0
NaN	2.0	NaN	0.1	NaN	NaN
13.1	2.0	17.7	0.1	11.9	0
NaN	2.0	NaN	0.1	NaN	NaN
12.4	2.0	17.5	0.1	11.4	0
NaN	2.0	NaN	0.1	NaN	NaN
12	2.0	17.3	0.1	11.2	0
NaN	2.0	NaN	0.1	NaN	NaN
11.5	2.0	17.1	0.1	10.9	0
NaN	2.0	NaN	0.1	NaN	NaN
11.2	2.0	16.9	0.1	10.7	0
NaN	2.0	NaN	0.1	NaN	NaN
11.7	2.0	16.8	0.1	11.4	0
NaN	2.0	NaN	0.1	NaN	NaN
11.5	2.0	16.6	0.1	10.8	0
NaN	2.0	NaN	0.1	NaN	NaN
11	2.0	16.5	0.1	10.1	0
NaN	2.0	NaN	0.1	NaN	NaN
10.6	2.0	16.4	0.1	10.0	17.6
NaN	2.0	NaN	0.1	NaN	NaN
11.3	2.0	16.2	0.1	11.2	77.1
NaN	2.0	NaN	0.1	NaN	NaN
12.9	2.0	16.1	0.1	13.7	258.5
NaN	2.0	NaN	0.1	NaN	NaN
14.5	2.0	16.1	0.1	15.9	421.1
NaN	2.0	NaN	0.1	NaN	NaN
15.5	2.0	16.2	0.1	16.7	435
NaN	2.0	NaN	0.1	NaN	NaN

