EZE GEGEVENS MOGEN VRIJ WORDEN GEBRUIKT MITS DE VOLGENDE BRONVERMELDING WORDT GEGEVEN:
KONINKLIJK NEDERLANDS METEOROLOGISCH INSTITUUT (KNMI)

THESE DATA CAN BE USED FREELY PROVIDED THAT THE FOLLOWING SOURCE IS ACKNOWLEDGED:
ROYAL NETHERLANDS METEOROLOGICAL INSTITUTE

STN      = stationsnummer/stationnumber
YYYYMMDD = datum/date (YYYY=jaar/year MM=maand/month DD=dag/day)
RD       = 24-uur som van de neerslag in tiende millimeters van 08.00 voorafgaande dag- 08.00 UTC huidige dag/
           daily precipitation amount in 0.1 mm over the period 08.00 preceding day - 08.00 UTC present day
SX       = codecijfer sneeuwdek om 08.00 uur UTC/code for the snow cover at 08.00 UTC:

           codecijfer/code    sneeuwdikte/snow cover
           1                                    1 cm
           ...                                   ...
           996                                996 cm

           997 gebroken sneeuwdek/broken snow cover < 1 cm
           998 gebroken sneeuwdek/broken snow cover >=1 cm
           999 sneeuwhopen/snow dunes

5 spaties betekent een ontbrekende waarde/5 spaces represents a missing value

STN,YYYYMMDD,   RD,   SX,
365,19890101,    0,    0,
365,19890102,    2,    0,
365,19890103,    1,    0,
365,19890104,    0,    0,
365,19890105,   15,    0,
365,19890106,   68,    0,
365,19890107,    0,    0,
365,19890108,    4,    0,
365,19890109,    1,    0,
365,19890110,   22,    0,
365,19890111,   10,    0,
365,19890112,    0,    0,
365,19890113,   29,    0,
365,19890114,    1,    0,
365,19890115,   15,    0,
365,19890116,    1,    0,
365,19890117,    1,    0,
365,19890118,    9,    0,
365,19890119,    0,    0,
365,19890120,    1,    0,
365,19890121,    0,    0,
365,19890122,    7,    0,
365,19890123,    1,    0,
365,19890124,    1,    0,
365,19890125,    1,    0,
365,19890126,    1,    0,
365,19890127,    0,    0,
365,19890128,    0,    0,
365,19890129,    9,    0,
365,19890130,    2,    0,
365,19890131,    0,    0,
365,19890201,    2,    0,
365,19890202,    2,    0,
365,19890203,    0,    0,
365,19890204,    0,    0,
365,19890205,   27,    0,
365,19890206,    1,    0,
365,19890207,    0,    0,
365,19890208,    0,    0,
365,19890209,    1,    0,
365,19890210,    0,    0,
365,19890211,    0,    0,
365,19890212,   13,    0,
365,19890213,    8,    0,
365,19890214,   72,    0,
365,19890215,    2,    0,
365,19890216,    8,    0,
365,19890217,    9,    0,
365,19890218,   95,    0,
365,19890219,   35,    0,
365,19890220,   28,    0,
365,19890221,    0,    0,
365,19890222,    1,    0,
365,19890223,   26,    0,
365,19890224,    1,    0,
365,19890225,    6,    0,
365,19890226,   12,    0,
365,19890227,   49,    0,
365,19890228,   38,    0,
365,19890301,   62,    0,
365,19890302,   12,    0,
365,19890303,   95,    0,
365,19890304,    1,    0,
365,19890305,    7,    0,
365,19890306,    1,    0,
365,19890307,    0,    0,
365,19890308,  246,    0,
365,19890309,    0,    0,
365,19890310,    0,    0,
365,19890311,    9,    0,
365,19890312,    1,    0,
365,19890313,   18,    0,
365,19890314,    0,    0,
365,19890315,   51,    0,
365,19890316,    3,    0,
365,19890317,   85,    0,
365,19890318,   15,    0,
365,19890319,    1,    0,
365,19890320,    1,    0,
365,19890321,   32,    0,
365,19890322,    3,    0,
365,19890323,   13,    0,
365,19890324,  120,    0,
365,19890325,   52,    0,
365,19890326,    0,    0,
365,19890327,    0,    0,
365,19890328,    0,    0,
365,19890329,    0,    0,
365,19890330,    0,    0,
365,19890331,    0,    0,
365,19890401,    0,    0,
365,19890402,    0,    0,
365,19890403,    0,    0,
365,19890404,    0,    0,
365,19890405,    0,    0,
365,19890406,   10,    0,
365,19890407,  137,    0,
365,19890408,    2,    0,
365,19890409,    0,    0,
365,19890410,    0,    0,
365,19890411,   15,    0,
365,19890412,   55,    0,
365,19890413,   21,    0,
365,19890414,   34,    0,
365,19890415,    1,    0,
365,19890416,    0,    0,
365,19890417,    0,    0,
365,19890418,    0,    0,
365,19890419,   17,    0,
365,19890420,    2,    0,
365,19890421,    0,    0,
365,19890422,    1,    0,
365,19890423,   37,    0,
365,19890424,   26,    0,
365,19890425,   16,    0,
365,19890426,   11,    0,
365,19890427,    1,    0,
365,19890428,    0,    0,
365,19890429,    0,    0,
365,19890430,    0,    0,
365,19890501,    0,    0,
365,19890502,    0,    0,
365,19890503,    0,    0,
365,19890504,    0,    0,
365,19890505,    0,    0,
365,19890506,    0,    0,
365,19890507,    0,    0,
365,19890508,    0,    0,
365,19890509,    0,    0,
365,19890510,    0,    0,
365,19890511,    0,    0,
365,19890512,    0,    0,
365,19890513,   70,    0,
365,19890514,    3,    0,
365,19890515,    0,    0,
365,19890516,    0,    0,
365,19890517,    0,    0,
365,19890518,    0,    0,
365,19890519,    0,    0,
365,19890520,    0,    0,
365,19890521,    0,    0,
365,19890522,    0,    0,
365,19890523,    0,    0,
365,19890524,    0,    0,
365,19890525,    0,    0,
365,19890526,    0,    0,
365,19890527,    0,    0,
365,19890528,    0,    0,
365,19890529,    0,    0,
365,19890530,   24,    0,
365,19890531,   23,    0,
365,19890601,   10,    0,
365,19890602,   20,    0,
365,19890603,    0,    0,
365,19890604,  212,    0,
365,19890605,  175,    0,
365,19890606,    2,    0,
365,19890607,   14,    0,
365,19890608,   14,    0,
365,19890609,   76,    0,
365,19890610,    0,    0,
365,19890611,    0,    0,
365,19890612,    0,    0,
365,19890613,    0,    0,
365,19890614,    0,    0,
365,19890615,    0,    0,
365,19890616,    0,    0,
365,19890617,    0,    0,
365,19890618,    0,    0,
365,19890619,    0,    0,
365,19890620,    0,    0,
365,19890621,    0,    0,
365,19890622,    0,    0,
365,19890623,    0,    0,
365,19890624,    0,    0,
365,19890625,    0,    0,
365,19890626,    0,    0,
365,19890627,   26,    0,
365,19890628,   33,    0,
365,19890629,   71,    0,
365,19890630,  167,    0,
365,19890701,  117,    0,
365,19890702,   59,    0,
365,19890703,    0,    0,
365,19890704,    1,    0,
365,19890705,    0,    0,
365,19890706,    0,    0,
365,19890707,    0,    0,
365,19890708,    0,    0,
365,19890709,  169,    0,
365,19890710,    0,    0,
365,19890711,    0,    0,
365,19890712,    0,    0,
365,19890713,    2,    0,
365,19890714,   34,    0,
365,19890715,    5,    0,
365,19890716,    2,    0,
365,19890717,    6,    0,
365,19890718,    1,    0,
365,19890719,    0,    0,
365,19890720,    0,    0,
365,19890721,    0,    0,
365,19890722,    0,    0,
365,19890723,    3,    0,
365,19890724,    0,    0,
365,19890725,    0,    0,
365,19890726,    0,    0,
365,19890727,    0,    0,
365,19890728,    0,    0,
365,19890729,    0,    0,
365,19890730,    0,    0,
365,19890731,  140,    0,
365,19890801,   47,    0,
365,19890802,  109,    0,
365,19890803,    3,    0,
365,19890804,    1,    0,
365,19890805,    0,    0,
365,19890806,    0,    0,
365,19890807,    1,    0,
365,19890808,    7,    0,
365,19890809,   23,    0,
365,19890810,    1,    0,
365,19890811,    2,    0,
365,19890812,   30,    0,
365,19890813,    1,    0,
365,19890814,    3,    0,
365,19890815,    0,    0,
365,19890816,   10,    0,
365,19890817,    1,    0,
365,19890818,    2,    0,
365,19890819,    1,    0,
365,19890820,    0,    0,
365,19890821,    0,    0,
365,19890822,    0,    0,
365,19890823,    0,    0,
365,19890824,    0,    0,
365,19890825,    2,    0,
365,19890826,    1,    0,
365,19890827,  311,    0,
365,19890828,   83,    0,
365,19890829,    3,    0,
365,19890830,    3,    0,
365,19890831,   15,    0,
365,19890901,   12,    0,
365,19890902,   30,    0,
365,19890903,   19,    0,
365,19890904,    3,    0,
365,19890905,    1,    0,
365,19890906,    1,    0,
365,19890907,    0,    0,
365,19890908,    0,    0,
365,19890909,    0,    0,
365,19890910,    0,    0,
365,19890911,    0,    0,
365,19890912,    0,    0,
365,19890913,   78,    0,
365,19890914,  296,    0,
365,19890915,   15,    0,
365,19890916,    3,    0,
365,19890917,    4,    0,
365,19890918,    0,    0,
365,19890919,    5,    0,
365,19890920,  103,    0,
365,19890921,    1,    0,
365,19890922,    1,    0,
365,19890923,    0,    0,
365,19890924,    2,    0,
365,19890925,   34,    0,
365,19890926,    1,    0,
365,19890927,    1,    0,
365,19890928,    7,    0,
365,19890929,    1,    0,
365,19890930,    2,    0,
365,19891001,    6,    0,
365,19891002,    1,    0,
365,19891003,    1,    0,
365,19891004,    1,    0,
365,19891005,    0,    0,
365,19891006,   33,    0,
365,19891007,  116,    0,
365,19891008,   54,    0,
365,19891009,   14,    0,
365,19891010,   11,    0,
365,19891011,   28,    0,
365,19891012,    0,    0,
365,19891013,    1,    0,
365,19891014,   33,    0,
365,19891015,   30,    0,
365,19891016,    4,    0,
365,19891017,    0,    0,
365,19891018,    0,    0,
365,19891019,    1,    0,
365,19891020,   42,    0,
365,19891021,   57,    0,
365,19891022,   56,    0,
365,19891023,   25,    0,
365,19891024,   70,    0,
365,19891025,    1,    0,
365,19891026,    1,    0,
365,19891027,   16,    0,
365,19891028,    0,    0,
365,19891029,   43,    0,
365,19891030,  239,    0,
365,19891031,   25,    0,
365,19891101,    5,    0,
365,19891102,    8,    0,
365,19891103,    1,    0,
365,19891104,    4,    0,
365,19891105,   41,    0,
365,19891106,    4,    0,
365,19891107,    3,    0,
365,19891108,    0,    0,
365,19891109,   39,    0,
365,19891110,   10,    0,
365,19891111,    9,    0,
365,19891112,    0,    0,
365,19891113,    0,    0,
365,19891114,    3,    0,
365,19891115,    1,    0,
365,19891116,    0,    0,
365,19891117,    0,    0,
365,19891118,    0,    0,
365,19891119,    0,    0,
365,19891120,    0,    0,
365,19891121,    0,    0,
365,19891122,    8,    0,
365,19891123,   18,    0,
365,19891124,   19,    0,
365,19891125,   11,    0,
365,19891126,    6,    0,
365,19891127,   11,    0,
365,19891128,    3,    0,
365,19891129,    2,    0,
365,19891130,    4,    0,
365,19891201,    2,    0,
365,19891202,    3,    0,
365,19891203,    0,    0,
365,19891204,    1,    0,
365,19891205,    4,    0,
365,19891206,    2,    0,
365,19891207,    1,    0,
365,19891208,    0,    0,
365,19891209,    0,    0,
365,19891210,    5,    0,
365,19891211,    4,    0,
365,19891212,    2,    0,
365,19891213,   37,    0,
365,19891214,  135,    0,
365,19891215,  133,    0,
365,19891216,   28,    0,
365,19891217,   83,    0,
365,19891218,    4,    0,
365,19891219,   50,    0,
365,19891220,   58,    0,
365,19891221,   82,    0,
365,19891222,    4,    0,
365,19891223,    8,    0,
365,19891224,   40,    0,
365,19891225,    2,    0,
365,19891226,    1,    0,
365,19891227,    1,    0,
365,19891228,    0,    0,
365,19891229,    0,    0,
365,19891230,    0,    0,
365,19891231,    0,    0,
365,19900101,    2,    0,
365,19900102,    0,    0,
365,19900103,    0,    0,
365,19900104,    0,    0,
365,19900105,    1,    0,
365,19900106,    0,    0,
365,19900107,   19,    0,
365,19900108,    6,    0,
365,19900109,    0,    0,
365,19900110,   10,    0,
365,19900111,   10,    0,
365,19900112,   10,    0,
365,19900113,    3,    0,
365,19900114,    3,    0,
365,19900115,   23,    0,
365,19900116,   16,    0,
365,19900117,    6,    0,
365,19900118,    2,    0,
365,19900119,    0,    0,
365,19900120,   54,    0,
365,19900121,    9,    0,
365,19900122,    7,    0,
365,19900123,    7,    0,
365,19900124,  127,    0,
365,19900125,   58,    0,
365,19900126,  108,    0,
365,19900127,   12,    0,
365,19900128,    8,    0,
365,19900129,   10,    0,
365,19900130,    7,    0,
365,19900131,    8,    0,
365,19900201,    2,    0,
365,19900202,   34,    0,
365,19900203,    1,    0,
365,19900204,  144,    0,
365,19900205,    0,    0,
365,19900206,    2,    0,
365,19900207,    0,    0,
365,19900208,   79,    0,
365,19900209,    4,    0,
365,19900210,    0,    0,
365,19900211,   79,    0,
365,19900212,   81,    0,
365,19900213,   31,    0,
365,19900214,   74,    0,
365,19900215,   52,    0,
365,19900216,   50,    0,
365,19900217,    0,    0,
365,19900218,   38,    0,
365,19900219,    6,    0,
365,19900220,    2,    0,
365,19900221,    0,    0,
365,19900222,    4,    0,
365,19900223,    1,    0,
365,19900224,    0,    0,
365,19900225,    0,    0,
365,19900226,   73,    0,
365,19900227,   23,    0,
365,19900228,   25,    0,
365,19900301,  327,    0,
365,19900302,   43,    0,
365,19900303,   10,    0,
365,19900304,    1,    0,
365,19900305,    0,    0,
365,19900306,   29,    0,
365,19900307,   10,    0,
365,19900308,    0,    0,
365,19900309,    0,    0,
365,19900310,   37,    0,
365,19900311,    1,    0,
365,19900312,    1,    0,
365,19900313,   10,    0,
365,19900314,    4,    0,
365,19900315,    0,    0,
365,19900316,    0,    0,
365,19900317,    0,    0,
365,19900318,    0,    0,
365,19900319,    0,    0,
365,19900320,   25,    0,
365,19900321,    1,    0,
365,19900322,    0,    0,
365,19900323,    0,    0,
365,19900324,    0,    0,
365,19900325,   61,    0,
365,19900326,   36,    0,
365,19900327,    1,    0,
365,19900328,    1,    0,
365,19900329,    0,    0,
365,19900330,    0,    0,
365,19900331,    1,    0,