day	hr	atemp	rh	wind
142	800	15.03	65.1	0.995
142	900	17.19	51.14	1.381
142	1000	19.21	39.39	1.921
142	1100	20.8	31.46	2.172
142	1200	22.17	28.51	2.432
142	1300	23.29	29.95	2.96
142	1400	24.57	28.83	2.787
142	1500	25.08	29.82	2.776
142	1600	21.4	44.42	3.29
142	1700	18.75	54.72	3.832
142	1800	17.82	50.04	3.568
142	1900	17.55	45.79	3.63
142	2000	15.9	52.38	3.563
142	2100	14.11	63.3	3.136
142	2200	13.01	68.73	2.523
142	2300	12.82	67.3	1.979
143	0	11.85	72.3	0.946
143	100	11.26	80.4	0.764
143	200	10.03	83.6	0.598
143	300	9.87	84.3	0.625
143	400	9.33	89.8	0.658
143	500	9.23	89.3	0.755
143	600	9.89	85.1	0.886
143	700	12.03	76.3	1.697
143	800	14.03	65.56	2.045
143	900	15.97	59.41	2.162
143	1000	17.62	58.42	2.342
143	1100	19.33	53.98	2.046
143	1200	20.17	53.71	2.067
143	1300	21.85	48.09	1.991
143	1400	22.61	50.57	2.254
143	1500	23.59	49.81	2.019
143	1600	24.5	42.81	2.089
143	1700	25.41	38.67	2.261
143	1800	25.43	40.04	1.521
143	1900	24.83	41.87	1.246
143	2000	21.51	52.65	1.107
143	2100	18.49	57.02	1.694
143	2200	17.16	59.71	1.268
143	2300	15.72	64.49	1.047
144	0	14.17	70	0.67
144	100	13.04	75.2	0.637
144	200	12.32	78.5	0.606
144	300	11.39	83.7	0.722
144	400	10.53	88.7	1.101
144	500	10.03	90.4	1.203
144	600	9.84	91.6	1.049
144	700	11.73	83.8	1.027
144	800	14.48	78.4	2.086
144	900	15.33	69.92	2.865
144	1000	16.06	64.03	3.232
144	1100	17.76	55.85	3.688
144	1200	18.6	48.82	3.632
144	1300	20.18	43.9	3.814
144	1400	19.23	46.16	4.404
144	1500	18.43	46.9	4.572
144	1600	17.59	47.26	4.488
144	1700	16.63	48.38	4.772
144	1800	15.45	46.33	4.818
144	1900	15.12	44.91	4.173
144	2000	14.31	42.94	4
144	2100	13.97	40.12	4.191
144	2200	13.91	38.62	4.068
144	2300	13.49	47.53	3.11
145	0	12.3	57.66	2.417
145	100	11.07	67.13	2.14
145	200	10.33	69.58	1.606
145	300	10.12	69.9	1.281
145	400	9.5	76.7	0.785
145	500	8.8	86.1	0.5
145	600	8.65	85.2	0.854
145	700	11.41	74.4	1.109
145	800	14.39	63.13	1.573
145	900	16.78	53.09	1.626
145	1000	17.81	58.69	1.816
145	1100	19.51	52.13	2.187
145	1200	20.79	45.06	3.139
145	1300	22.35	33.82	2.942
145	1400	23.18	34.17	2.018
145	1500	24.13	31.51	2.497
145	1600	24.86	28.34	2.203
145	1700	25.29	27.86	2.62
145	1800	25.14	28.29	2.675
145	1900	25.81	26.35	1.321
145	2000	22.69	33.42	1.125
145	2100	18.94	42.05	0.768
145	2200	16.5	53.65	0.588
145	2300	14.97	61.1	0.732
146	0	14.85	55.1	0.899
146	100	13.51	60.7	0.782
146	200	12.71	63.9	1.182
146	300	11.1	76.4	1.354
146	400	9.81	83.7	1.325
146	500	9.16	85.8	1.367
146	600	8.91	87.4	1.352
146	700	11.69	75.7	1.013
146	800	15.93	64.38	0.719
146	900	18.52	61.25	1.019
146	1000	20.61	50.7	1.154
146	1100	21.74	47.47	1.565
146	1200	22.98	45.75	1.627
146	1300	23.45	45.54	1.532
146	1400	24.05	45.62	1.562
146	1500	24.93	45.92	1.687
146	1600	25.67	44.66	1.555
146	1700	25.89	46.01	1.462
146	1800	24.74	49.11	1.423
146	1900	23.13	55.27	1.11
146	2000	21.97	60.57	0.793
146	2100	20.51	66.35	0.599
146	2200	18.8	74.1	0.793
146	2300	18.05	79.6	1.074
147	0	17.29	84.1	1.263
147	100	15.74	90.7	0.893
147	200	15.33	92.5	0.862
147	300	15.28	92.4	0.873
147	400	15.18	92.9	0.691
147	500	14.45	95	0.973
147	600	13.42	94.9	1.111
147	700	13.25	93.4	1.245
147	800	13.23	92.1	1.507
147	900	13.77	87.5	1.997
147	1000	15.55	77.7	1.972
147	1100	16.72	70.6	2.036
147	1200	16.58	69.4	1.979
147	1300	16	72.9	1.546
147	1400	15.12	82.7	1.129
147	1500	16	81.7	0.914
147	1600	16.64	81.1	0.682
147	1700	17.22	81.5	0.688
147	1800	17.04	85.9	0.801
147	1900	16.14	85.9	0.764
147	2000	13.37	89	1.041
147	2100	11.74	94.1	0.703
147	2200	11.22	96.6	0.603
147	2300	10.92	99.2	0.562
148	0	11.31	99.1	0.971
148	100	10.95	99.8	0.559
148	200	11.07	100.7	0.633
148	300	11.6	99.9	0.711
148	400	12	98.3	0.915
148	500	12.12	96.9	0.827
148	600	12.38	97.5	0.847
148	700	13.15	96	1.136
148	800	14.05	95.1	1.394
148	900	14.54	93.5	1.247
148	1000	15.62	90.3	1.235
148	1100	16.31	87.9	1.806
148	1200	17.06	83.8	1.828
148	1300	17.15	81.6	1.94
148	1400	15.98	89.7	1.647
148	1500	14.51	99.2	1.286
148	1600	14.66	100	0.974
148	1700	15.11	96.3	0.599
148	1800	14.97	99.9	0.82
148	1900	15.48	95.1	0.8
148	2000	15.19	95.8	0.804
148	2100	14.19	98.7	0.666
148	2200	13.76	100.5	0.486
148	2300	13.73	100.3	0.805
149	0	13.53	100.3	0.896
149	100	13.24	101.4	1.082
149	200	12.87	101.1	0.737
149	300	12.9	101.3	1.378
149	400	12.64	99.6	2.135
149	500	12.38	99.8	2.198
149	600	12.49	99.5	2.034
149	700	12.4	98.8	2.065
149	800	12.36	98.7	1.845
149	900	12.77	96.3	2.084
149	1000	13.3	93.8	2.041
149	1100	14.13	90.7	2.131
149	1200	15.03	86.5	2.012
149	1300	16.24	82.3	1.783
149	1400	15.33	89	1.642
149	1500	14.31	90.1	1.469
149	1600	13.78	95.5	1.507
149	1700	15.04	89.1	1.323
149	1800	14.68	90.6	1.139
149	1900	13.87	95.3	1.441
149	2000	13.71	95.6	1.34
149	2100	13.39	96	1.02
149	2200	12.6	94.5	1.235
149	2300	11.77	91.5	1.199
150	0	11.15	89.5	1.454
150	100	10.39	89.6	1.27
150	200	10.07	86	1.574
150	300	9.44	86.1	1.511
150	400	8.81	86.9	1.824
150	500	8.18	88.6	1.691
150	600	7.38	91.4	1.374
150	700	7.21	92.1	1.696
150	800	7.5	88.5	2.078
150	900	7.32	93.7	1.62
150	1000	8.35	86	2.178
150	1100	9.48	77.5	2.514
150	1200	10.29	74.1	2.916
150	1300	11.25	66.66	3.198
150	1400	11.09	66.47	3.137
150	1500	10.17	71.6	2.876
150	1600	9.78	74.8	2.297
150	1700	9.53	79.7	2.199
150	1800	9.6	76.1	1.951
150	1900	9.07	77.7	2.456
150	2000	8.46	81.7	2.328
150	2100	8.55	78.9	2.267
150	2200	7.81	78.7	2.1
150	2300	6.886	82.4	1.919
151	0	6.218	85.6	1.616
151	100	5.962	85.9	2.004
151	200	5.468	88.9	2.347
151	300	5.391	91	2.06
151	400	5.483	90.2	1.997
151	500	5.946	87.3	2.036
151	600	6.642	84.9	2.084
151	700	8.19	77.2	2.386
151	800	10.02	68.28	2.423
151	900	11.49	59.98	3.244
151	1000	12.6	55.4	4.044
151	1100	13.26	55.63	4.003
151	1200	13.72	53.69	3.939
151	1300	14.13	53.88	4.652
151	1400	13.72	55.02	5.3
151	1500	14.51	51.78	5.054
151	1600	15.71	47.57	4.368
151	1700	17.04	44.56	3.221
151	1800	17.26	41.48	3.182
151	1900	16.58	39.87	2.951
151	2000	16.47	37.52	3.264
151	2100	15.18	42.91	1.884
151	2200	13.54	52.24	1.087
151	2300	12.4	54.89	1.126
152	0	10.27	64.58	0.891
152	100	10.32	64.82	0.794
152	200	9.97	65	0.719
152	300	9.1	73.3	0.869
152	400	8.4	77.2	0.874
152	500	7.85	74.8	1.291
152	600	8.14	72	1.814
152	700	8.91	74.1	1.168
152	800	10.53	73.2	0.975
152	900	13.23	63.07	0.913
152	1000	15.28	58.93	1.13
152	1100	16.45	57.74	1.461
152	1200	17.5	50.02	1.689
152	1300	18.47	41.46	1.801
152	1400	19.54	38.26	1.662
152	1500	19.95	36.92	1.606
152	1600	20.74	32.07	1.422
152	1700	20.99	29.59	1.966
152	1800	20.58	28.42	1.586
152	1900	18.34	33.69	1.29
152	2000	16.19	39.6	1.341
152	2100	14.95	54.83	1.051
152	2200	14.49	55.6	1.268
152	2300	13.71	55.71	1.372
153	0	13.84	66.81	1.841
153	100	13.59	66.84	1.344
153	200	13.6	68.19	1.148
153	300	13.62	71.3	1.139
153	400	13.48	72.3	1.062
153	500	13.03	77	1.001
153	600	11.71	88.7	1.39
153	700	10.31	96.4	2.076
153	800	10.06	98.7	1.299
153	900	10.18	98.6	1.556
153	1000	10.5	99.2	1.485
153	1100	10.92	98.1	1.286
153	1200	11.17	97.7	1.125
153	1300	11.05	98.4	1.222
153	1400	11.26	98.9	1.391
153	1500	11.4	99.3	1.614
153	1600	11.46	99.6	1.648
153	1700	11.71	98.7	1.677
153	1800	11.99	97	1.79
153	1900	12.13	95	1.808
153	2000	12.13	91.5	1.626
153	2100	11.93	91.8	1.175
153	2200	11.6	90.8	1.45
153	2300	11.59	90.5	1.483
154	0	11.53	91.9	1.593
154	100	11.42	91.4	2.144
154	200	11.4	91.4	2.149
154	300	11.52	90.6	2.059
154	400	11.37	89.9	1.954
154	500	11.23	89.1	1.785
154	600	11.13	88.7	1.704
154	700	10.42	93.7	1.553
154	800	10.13	98	1.869
154	900	10.54	96.8	2.532
154	1000	11.85	91.6	2.779
154	1100	11.72	91	2.623
154	1200	11.98	89.7	2.907
154	1300	12.7	87.6	3.192
154	1400	13.09	86.6	3.159
154	1500	13.73	83.4	3.844
154	1600	14.15	82.3	3.876
154	1700	13.43	85.2	3.327
154	1800	12.79	89.3	3.552
154	1900	12.91	89.9	3.419
154	2000	12.91	92.3	2.745
154	2100	13.07	92.7	2.787
154	2200	13.23	93.6	2.849
154	2300	12.78	97.4	3.159
155	0	12.48	100.1	2.963
155	100	12.55	99.9	2.63
155	200	12.58	99.7	2.625
155	300	12.38	100.9	2.547
155	400	12.28	101.5	2.263
155	500	12.18	100.9	2.439
155	600	11.9	101	1.767
155	700	11.95	101.2	1.01
155	800	12.09	101.3	1.007
155	900	12.26	100.9	1.842
155	1000	12.21	100.3	2.013
155	1100	12.23	100.6	1.721
155	1200	12.73	99.6	2.069
155	1300	12.99	98.6	2.088
155	1400	13.23	96.9	1.609
155	1500	12.97	96.8	1.815
155	1600	12.29	97.4	1.815
155	1700	12.21	98.1	1.78
155	1800	11.91	98.8	1.755
155	1900	11.39	99.9	1.78
155	2000	11.19	100.6	1.495
155	2100	11.24	100.9	1.292
155	2200	11.13	100.7	1.313
155	2300	11.12	100.7	1.076
156	0	11.06	101.1	1.013
156	100	11.06	101	0.789
156	200	11.11	100.9	0.43
156	300	11.16	101.1	0.306
156	400	11.16	101.6	0.418
156	500	11.27	101.7	0.447
156	600	11.31	101.4	0.601
156	700	11.85	100.7	0.609
156	800	13.09	100.5	1.119
156	900	15.73	92.5	2.187
156	1000	16.35	87.7	2.441
156	1100	16.19	85.6	2.402
156	1200	16.47	83.3	2.7
156	1300	16.98	79.4	2.845
156	1400	17.3	76.9	3.048
156	1500	17.62	75.9	3.208
156	1600	17.85	73.4	3.222
156	1700	18.68	70.4	3.146
156	1800	19.33	69.96	3.125
156	1900	18.65	72.4	2.582
156	2000	17.53	75.6	2.327
156	2100	16.38	82.6	2.023
156	2200	14.93	92.9	1.343
156	2300	14.69	94.4	1.378
157	0	14.93	86.6	1.928
157	100	14.53	84.9	1.822
157	200	13.91	87.6	1.478
157	300	13.61	87	1.312
157	400	13.63	87.4	1.765
157	500	13.63	88.3	1.788
157	600	13.56	89.6	1.96
157	700	13.61	88.4	2.156
157	800	13.75	88.5	1.959
157	900	14.4	85.9	2.036
157	1000	15.2	82.1	1.687
157	1100	17.01	74.4	2.229
157	1200	19.12	67.08	2.729
157	1300	18.87	69.01	2.394
157	1400	19.49	66.83	2.418
157	1500	19.72	68.15	2.717
157	1600	19.41	69.52	2.423
157	1700	19.28	67.01	2.317
157	1800	19.12	59.55	3.07
157	1900	19.41	53.55	2.628
157	2000	19.44	55.49	1.504
157	2100	16.52	74	0.718
157	2200	16.1	77.1	1.031
157	2300	15.69	80.4	0.961
158	0	14.41	84.9	0.535
158	100	13.49	88.5	0.66
158	200	12.39	92.1	0.947
158	300	12.1	81.8	0.825
158	400	10.71	85.4	0.915
158	500	9.04	95.1	0.945
158	600	8.46	97.8	1.009
158	700	10.96	90.3	1.106
158	800	15.3	65.44	0.724
158	900	17.41	57.49	0.809
158	1000	18.79	57.27	1.145
158	1100	19.87	51.57	1.364
158	1200	21.07	49.85	1.369
158	1300	21.67	48.97	1.579
158	1400	22.77	41.82	1.764
158	1500	23.57	39.35	1.848
158	1600	24.24	36.65	1.724
158	1700	24.44	35.47	1.837
158	1800	24.11	33.77	1.99
158	1900	23.33	35.33	1.874
158	2000	20.04	53.04	1.511
158	2100	16.61	68.54	0.852
158	2200	14.28	77.9	1.277
158	2300	12.85	83.8	1.243
159	0	11.87	87.4	0.933
159	100	10.86	91.4	1.071
159	200	9.46	96.9	1.432
159	300	8.73	98.5	1.132
159	400	8.07	95	1.087
159	500	7.33	95.9	1.222
159	600	7.29	99	1.2
159	700	11	86.1	0.67
159	800	15.64	64.06	0.971
159	900	16.31	61.8	1.862
159	1000	17.55	57	1.977
159	1100	18.77	52.98	1.736
159	1200	19.25	57.96	2.088
159	1300	18.69	54.84	2.696
159	1400	18.67	47.91	2.772
159	1500	19.22	44.43	2.439
159	1600	19.84	44.09	2.201
159	1700	19.99	43.62	2.04
159	1800	20.17	40.91	1.899
159	1900	18.37	44.86	1.327
159	2000	16.11	45.83	1.281
159	2100	14.43	57.69	0.876
159	2200	12.3	69.74	0.911
159	2300	11.59	78.7	0.859
160	0	10.7	83.7	0.946
160	100	9.7	90	1.1
160	200	8.75	96.5	1.239
160	300	7.6	99.4	1.326
160	400	7.41	99.7	0.818
160	500	8.95	87.4	0.487
160	600	10.19	78.6	0.66
160	700	13.17	69.96	0.677
160	800	14.26	63.45	0.946
160	900	16.58	56.57	1.245
160	1000	18.72	51.6	1.429
160	1100	19.73	47.52	1.867
160	1200	20.49	45.92	1.872
160	1300	21.31	45.29	2.029
160	1400	21.71	41.09	2.502
160	1500	21.87	41.42	2.271
160	1600	21.38	44.18	2.299
160	1700	21.43	43.95	2.47
160	1800	21.46	49.87	3.119
160	1900	21.32	49.28	1.52
160	2000	19.32	57.89	0.923
160	2100	18.22	63.62	1.343
160	2200	16.89	68.31	0.958
160	2300	15.9	72.5	0.611
161	0	15.41	82	2.283
161	100	13.7	96.5	1.191
161	200	13.62	98	0.763
161	300	13.1	101.1	0.508
161	400	13.06	101.1	0.408
161	500	12.37	101.8	0.724
161	600	12.69	100.2	0.895
161	700	13.73	94.9	1.262
161	800	14.48	79.6	2.124
161	900	15.28	73.7	2.174
161	1000	16.44	67.01	2.016
161	1100	17.16	59.6	2.034
161	1200	18.57	45.77	1.925
161	1300	19.59	39.35	1.918
161	1400	20.41	42.86	1.8
161	1500	21.48	44.06	1.411
161	1600	23.05	43.48	1.184
161	1700	22.83	48.94	1.66
161	1800	21.77	46.49	1.918
161	1900	20.66	45.7	1.579
161	2000	18.62	46.85	1.407
161	2100	16.19	48.32	1.303
161	2200	15.01	61.5	0.954
161	2300	13.91	73.3	0.569
162	0	12.97	79.8	0.665
162	100	11.55	89.3	1.02
162	200	10.95	90.3	0.918
162	300	10.89	85.9	0.881
162	400	10.72	88.8	0.85
162	500	9.96	95.1	0.917
162	600	9.87	98.3	0.787
162	700	12.73	89	0.684
162	800	16.04	78	1.018
162	900	16.9	78.4	1.5
162	1000	18.92	71.4	1.018
162	1100	20.99	66.11	1.42
162	1200	22.31	62.7	1.367
162	1300	23.72	59.07	1.438
162	1400	25.35	51.18	1.375
162	1500	26.73	49.93	1.018
162	1600	26.12	49.71	0.914
162	1700	23.34	59.72	1.549
162	1800	16.59	91.8	2.013
162	1900	16.31	96.3	1.461
162	2000	15.65	98.1	0.894
162	2100	15.4	99.7	0.826
162	2200	14.87	100.8	0.649
162	2300	14.14	102.2	0.454
163	0	13.71	102.7	0.856
163	100	13.31	102.7	1.016
163	200	12.5	102.8	1.109
163	300	11.89	102.7	0.772
163	400	12.15	102.9	0.66
163	500	12.69	102.7	0.62
163	600	12.25	102.5	0.705
163	700	13.83	99.3	0.738
163	800	15.23	94.2	0.862
163	900	17.02	85.1	1.101
163	1000	18.46	80.7	1.303
163	1100	19.16	79.1	0.92
163	1200	18.04	84.5	2.364
163	1300	17.98	85.2	2.086
163	1400	18.58	82.9	1.111
163	1500	18.68	82.1	0.993
163	1600	20.19	76.6	1.129
163	1700	20.01	79.9	1.302
163	1800	20.95	75.8	1.401
163	1900	20.71	76.9	0.762
163	2000	19.84	84.5	0.335
163	2100	18.35	89.7	0.688
163	2200	17.09	93.5	0.873
163	2300	16.86	91.6	0.851
164	0	15.43	97.6	0.475
164	100	15.08	98.5	0.921
164	200	15.02	98.6	1.022
164	300	14.68	98.6	0.734
164	400	13.83	99.9	0.929
164	500	13.73	100.6	0.975
164	600	14.19	98.9	0.933
164	700	16.11	91.8	0.857
164	800	18.08	85.7	1.302
164	900	19.33	83	1.809
164	1000	20.48	80.2	2.023
164	1100	22.27	74.9	1.977
164	1200	24.14	70.8	1.84
164	1300	25.25	63.03	2.028
164	1400	26.12	56.15	2.147
164	1500	26.6	50.9	2.332
164	1600	27.12	39.61	2.452
164	1700	27.15	35.95	2.311
164	1800	26.19	36.24	2.093
164	1900	25.58	38.9	1.93
164	2000	24.21	44.77	1.095
164	2100	20.78	60	1.252
164	2200	17.92	73.5	0.681
164	2300	16.76	76.9	0.668
165	0	16.39	75.5	0.889
165	100	16.9	67.38	0.725
165	200	15.21	79.1	0.62
165	300	14.21	85	0.811
165	400	13.15	92.3	1.104
165	500	13.27	94.8	1.032
165	600	12.89	97.5	0.971
165	700	14.28	91.7	0.821
165	800	18.18	74.8	0.935
165	900	19.82	67.88	1.884
165	1000	21.69	58.57	1.503
165	1100	23	54.3	1.47
165	1200	23.94	57.21	1.419
165	1300	25.15	54.48	1.136
165	1400	27.07	48.46	1.441
165	1500	28.04	47.43	1.642
165	1600	28.99	46.73	1.557
165	1700	29.85	44.54	1.479
165	1800	29.72	45.39	1.578
165	1900	29.71	46.9	1.046
165	2000	27.42	54.32	0.729
165	2100	24.04	68.04	1.076
165	2200	23.16	74.3	1.264
165	2300	22.33	80	1.169
166	0	21.32	85.5	0.998
166	100	21.37	84.2	0.79
166	200	21.12	84.5	0.969
166	300	19.99	89.3	0.999
166	400	18.81	95.1	1.079
166	500	18.56	95.2	1.125
166	600	18.64	93.8	1.233
166	700	19.75	88.3	1.095
166	800	22.33	81.3	0.762
166	900	24.07	75.9	1.235
166	1000	25.34	70.4	1.959
166	1100	27.01	66.74	2.058
166	1200	28.76	61.4	2.047
166	1300	30.12	59.68	2.076
166	1400	31.48	56.76	1.786
166	1500	32.48	49.04	1.737
166	1600	32.78	48.94	1.825
166	1700	32	51.75	1.928
166	1800	31.68	49.94	1.667
166	1900	31.51	47.89	1.171
166	2000	29.97	53.3	0.802
166	2100	23.47	76.5	1.135
166	2200	18.76	85.1	1.791
166	2300	18.34	85.9	1.226
167	0	18.25	84.3	1.183
167	100	17.68	85.9	0.985
167	200	17.24	85.1	1.171
167	300	16.78	87.1	0.739
167	400	16.21	91.7	0.578
167	500	15.6	95	0.572
167	600	15.93	93.2	0.655
167	700	18.1	84.2	0.735
167	800	20	76.6	1.326
167	900	21.78	70.6	1.603
167	1000	23.13	65.09	1.747
167	1100	24.6	62.56	1.755
167	1200	26.01	61.92	1.777
167	1300	27.32	60.1	1.754
167	1400	28	59.3	1.78
167	1500	29.01	60.24	1.683
167	1600	29.2	58.39	1.636
167	1700	29.5	58.11	1.338
167	1800	28.91	60.13	1.403
167	1900	28.62	63.43	0.676
167	2000	25.19	75.1	1.387
167	2100	25.29	67.64	2.569
167	2200	23.86	76.2	0.982
167	2300	22.95	82.8	0.909
168	0	21.3	91.6	1.027
168	100	19.17	96.5	0.637
168	200	18.81	98.2	0.632
168	300	19.13	99.2	0.557
168	400	20.13	100.1	0.431
168	500	20.6	100.8	0.59
168	600	20.85	100.8	0.505
168	700	20.82	100.6	0.766
168	800	20.68	100.2	0.873
168	900	20.85	98.4	1.522
168	1000	20.91	96.7	1.436
168	1100	21.59	95.3	1.278
168	1200	22.27	91.5	1.588
168	1300	22.14	90.2	1.449
168	1400	23.29	84.4	1.606
168	1500	24.05	77.4	1.833
168	1600	25.54	73.2	1.806
168	1700	26.45	71.3	1.602
168	1800	26.16	68.06	1.467
168	1900	23.59	72.5	1.478
168	2000	21.33	68.25	1.22
168	2100	20.77	75.5	1.6
168	2200	18.62	76.8	1.432
168	2300	16.21	96.9	1.072
169	0	15.63	100.2	0.836
169	100	16.06	95.7	0.965
169	200	15.28	97.1	0.959
169	300	14.83	95.1	0.931
169	400	14.1	93.3	0.998
169	500	12.6	101.8	1.258
169	600	13.72	97.2	1.123
169	700	16.63	81.8	1.072
169	800	18.12	74.8	1.023
169	900	19.44	71.2	1.339
169	1000	20.72	69.38	1.627
169	1100	22.45	60.17	1.62
169	1200	22.84	47.62	2.013
169	1300	24.09	37.52	3.052
169	1400	24.3	36.08	3.022
169	1500	24.81	34.98	2.93
169	1600	25.08	33.67	2.842
169	1700	25.19	33.96	2.716
169	1800	25.14	32.22	2.511
169	1900	24.55	32.62	2.18
169	2000	23.14	34.84	1.678
169	2100	18.71	51.89	0.999
169	2200	16.9	63.1	1.201
169	2300	15.14	71.5	1.214
170	0	13.6	83.3	1.237
170	100	13.08	87.7	1.024
170	200	13.46	88.4	0.976
170	300	13.76	89.7	0.896
170	400	13.62	95.8	0.989
170	500	13.39	100.6	0.955
170	600	13.68	100	0.861
170	700	14.12	98.9	0.734
170	800	14.64	99.6	0.767
170	900	15.23	98.7	0.843
170	1000	14.82	100.7	1.349
170	1100	15.66	100.2	1.056
170	1200	16.67	97.4	1.511
170	1300	19.73	88.1	1.481
170	1400	21.09	85.5	2.515
170	1500	22.03	83	2.732
170	1600	24.25	72.9	1.897
170	1700	27.31	65.01	1.088
170	1800	29.44	60.86	0.797
170	1900	30.15	46.18	1.958
170	2000	29.35	43.81	2.388
170	2100	28.08	46.37	2.095
170	2200	27.79	47.28	2.432
170	2300	27.2	50.89	2.783
171	0	26.43	56.68	2.673
171	100	24.96	66.35	2.679
171	200	23.97	62.94	2.51
171	300	22.89	61.55	2.432
171	400	21.87	50.06	2.602
171	500	20.42	49.01	1.767
171	600	19.35	58.86	1.329
171	700	20.43	53.85	1.874
171	800	21.3	50.49	2.339
171	900	21.91	47.36	2.6
171	1000	22.26	45.88	2.663
171	1100	21.58	46.59	2.545
171	1200	21.66	49.15	2.336
171	1300	21.92	48.76	2.4
171	1400	22.77	46.16	2.709
171	1500	22.38	48.57	2.68
171	1600	23.91	40.79	2.929
171	1700	24.3	40.43	2.352
171	1800	24.2	44.98	2.283
171	1900	23.78	47.59	2.021
171	2000	22.5	44.49	2.117
171	2100	20.83	47.86	1.366
171	2200	17.92	73.4	0.776
171	2300	15.86	82.3	1.033
172	0	15.79	68.81	0.743
172	100	14.03	74.1	0.973
172	200	13.37	75.7	0.98
172	300	12.29	81.9	1.047
172	400	10.6	93.1	1.216
172	500	10.05	95	1.153
172	600	9.76	97.6	1.321
172	700	13.46	83.7	0.967
172	800	16.94	71.4	0.769
172	900	18.37	63.39	1.512
172	1000	19.96	55.88	1.541
172	1100	21.25	51.15	1.506
172	1200	22.22	44.9	1.566
172	1300	22.89	49.07	1.487
172	1400	24.06	41.33	1.325
172	1500	24.63	41.54	1.124
172	1600	25.34	36.91	1.08
172	1700	25.36	33.85	0.993
172	1800	25.73	34.2	0.784
172	1900	24.25	45.29	1.096
172	2000	20.63	61.07	1.264
172	2100	18.85	66.85	1.357
172	2200	17.87	69.97	0.975
172	2300	17.76	66.01	1.019
173	0	17.48	67.16	1.047
173	100	16.33	78.7	1.115
173	200	16.15	81.9	1.053
173	300	16.32	76.1	1.014
173	400	15.9	74.2	0.785
173	500	15.67	68.55	1.165
173	600	15.76	67.18	1.239
173	700	16.2	71	1.571
173	800	16.01	77.6	1.316
173	900	15.63	90.7	1.668
173	1000	14.82	96.4	1.488
173	1100	14.57	97.5	2.441
173	1200	14.38	98	2.271
173	1300	14.57	98.9	2.482
173	1400	15.16	95.8	2.768
173	1500	15.28	94.9	2.656
173	1600	15.77	92.6	2.768
173	1700	15.85	91.6	2.666
173	1800	16.24	88.2	2.333
173	1900	16.5	86.8	2.233
173	2000	16.39	87	2.015
173	2100	15.41	94.6	2.238
173	2200	15.55	97	1.771
173	2300	15.79	95.6	1.689
174	0	16	94.8	1.074
174	100	15.77	100.8	0.681
174	200	16.24	102.2	0.705
174	300	16.91	102.3	0.775
174	400	17.72	100.3	1.206
174	500	17.51	98.8	1.104
174	600	17.24	99.4	0.901
174	700	17.27	100.8	1.283
174	800	17.49	100.5	0.911
174	900	17.87	99.7	0.887
174	1000	18.06	99.7	1.186
174	1100	18.69	98.3	0.582
174	1200	19.07	96.8	0.543
174	1300	19.25	96.6	0.563
174	1400	19.22	97.3	0.69
174	1500	18.83	99.1	0.659
174	1600	18.74	98.4	0.512
174	1700	18.67	99	0.512
174	1800	19.39	97.7	0.562
174	1900	19.09	97.8	0.524
174	2000	18.33	99.9	0.555
174	2100	17.78	101.1	0.598
174	2200	17.36	101.7	0.884
174	2300	17.11	101.9	0.749
175	0	16.74	101.8	0.763
175	100	16.48	101.8	0.49
175	200	16.25	102	0.593
175	300	16.11	101.1	0.519
175	400	16.21	100.6	0.588
175	500	16.35	101.3	0.653
175	600	16.45	101.5	0.635
175	700	17.35	99.4	0.615
175	800	18.8	93.6	0.742
175	900	19.71	88.2	1.179
175	1000	20.84	81.5	0.829
175	1100	21.14	80.4	0.923
175	1200	21.55	77.5	1.001
175	1300	22.31	75.4	1.189
175	1400	23.98	67.5	1.326
175	1500	24.69	62.16	1.23
175	1600	25.26	55.86	1.306
175	1700	25.38	54.21	1.227
175	1800	24.42	64.92	1.01
175	1900	23.94	67.7	0.716
175	2000	22.25	74.5	0.569
175	2100	20.84	79	0.655
175	2200	19.75	84	0.766
175	2300	19.1	88.9	0.77
176	0	18.82	90	0.866
176	100	18.24	92.4	0.632
176	200	17.41	97.1	1.006
176	300	16.72	99.7	1.06
176	400	16.25	100.5	0.843
176	500	15.8	101.1	0.685
176	600	16.54	99.4	0.763
176	700	17.57	95.6	0.904
176	800	18.01	94.9	1.702
176	900	18.37	94.5	1.623
176	1000	19.88	89	1.985
176	1100	21.83	85.1	1.939
176	1200	23.9	80	2.042
176	1300	25.23	71.7	2.137
176	1400	26.6	60.02	2.232
176	1500	27.38	57.99	2.426
176	1600	27.9	56.63	2.36
176	1700	28.28	56.87	2.23
176	1800	28.19	56.27	2.062
176	1900	27.98	59.2	1.6
176	2000	26.35	61.65	1.163
176	2100	24.68	70.6	1.408
176	2200	22.01	84.1	0.943
176	2300	20.82	91	0.835
177	0	19.99	94.8	0.891
177	100	18.85	99.4	1.088
177	200	18.06	100.9	0.885
177	300	17.44	101.9	0.74
177	400	16.8	101	0.788
177	500	16.42	102	0.956
177	600	17.08	101.5	0.972
177	700	19.02	90.7	0.748
177	800	21.33	84.4	0.862
177	900	21.88	84.1	1.674
177	1000	23.35	81.4	1.713
177	1100	25.06	78.3	1.636
177	1200	26.54	74.6	1.912
177	1300	28.3	70.2	1.699
177	1400	29.38	64.32	1.955
177	1500	29.9	61.54	2.147
177	1600	30.15	55.94	2.17
177	1700	30.04	54.28	2.191
177	1800	29.94	56.37	2.009
177	1900	29.72	55.02	1.922
177	2000	27.98	58.33	1.707
177	2100	26.16	61.42	1.495
177	2200	24.87	60.94	1.458
177	2300	24.03	62.73	1.459
178	0	23.21	66.66	0.942
178	100	22.46	72.7	1.097
178	200	22.12	72.1	1.217
178	300	21.37	70.1	0.937
178	400	20.5	71.5	0.975
178	500	19.74	74.4	1.13
178	600	19.45	77.4	0.822
178	700	20.58	76.6	1.436
178	800	21.64	77.2	1.748
178	900	22.65	75.4	2.062
178	1000	23.94	72	2.323
178	1100	25.23	70.2	2.195
178	1200	26.06	66.85	2.587
178	1300	27.09	63.18	2.448
178	1400	27.67	63.43	2.343
178	1500	28.51	63.65	2.454
178	1600	28.74	64.17	2.32
178	1700	27.25	69.04	1.984
178	1800	26.67	74.4	1.898
178	1900	26.51	75.9	1.903
178	2000	26.16	77.3	1.741
178	2100	24.89	84.4	1.949
178	2200	24.78	66.28	1.853
178	2300	23.88	43.07	4.027
179	0	22.34	38.1	3.144
179	100	21.28	39.55	2.612
179	200	20.49	40.73	2.919
179	300	19.22	42.07	2.737
179	400	17.33	45.9	3.715
179	500	15.8	48.85	3.169
179	600	14.61	51.75	2.858
179	700	15.11	51.08	3.055
179	800	16.04	53.45	2.517
179	900	16.94	52.32	3.025
179	1000	18.06	48.59	2.973
179	1100	19.05	46.87	2.982
179	1200	20.4	40.33	2.913
179	1300	21.59	34.67	3.165
179	1400	22.29	31.5	3.832
179	1500	23.06	29.19	3.93
179	1600	23.49	29.27	3.95
179	1700	23.49	30.36	3.69
179	1800	23.42	30.32	3.679
179	1900	23.06	30.42	3.102
179	2000	21.86	33.33	3.13
179	2100	19.87	37.33	3.004
179	2200	18.78	39.67	2.83
179	2300	17.75	42.52	1.535
180	0	14.53	57.41	1.12
180	100	13.08	68.02	1.185
180	200	12.5	72.1	1.026
180	300	11.16	84.1	1.466
180	400	10.51	86.4	1.308
180	500	9.83	91.5	1.353
180	600	9.96	93	1.237
180	700	11.39	86.5	1.131
180	800	12.91	81.4	1.196
180	900	15.31	73.7	0.95
180	1000	16.67	67.77	0.953
180	1100	17.36	66.6	0.562
180	1200	17.57	67.18	0.72
180	1300	18.49	63.57	0.628
180	1400	19.1	63.06	0.535
180	1500	19.58	57.85	0.771
180	1600	18.52	67.1	0.62
180	1700	16.62	87.8	0.64
180	1800	16.71	88.6	0.608
180	1900	18.03	80.3	0.585
180	2000	17.88	85.3	0.511
180	2100	15.63	96.5	0.825
180	2200	16.12	94.6	0.78
180	2300	16.69	88.7	0.798
181	0	17.49	84.6	0.979
181	100	17.69	88.1	0.693
181	200	17.75	89.2	0.883
181	300	17.87	89.9	1.228
181	400	17.65	93.7	1.263
181	500	17.75	96.2	0.867
181	600	18.16	96.6	0.415
181	700	19.05	94.5	0.395
181	800	19.36	96.3	0.818
181	900	21.97	85.9	0.845
181	1000	22.59	82	1.538
181	1100	21.33	90.4	1.51
181	1200	21.02	94.4	1.494
181	1300	21.62	93.7	1.313
181	1400	24.59	82.7	1.89
181	1500	24.72	79.8	1.766
181	1600	25.7	76.2	1.792
181	1700	24.36	79.9	1.537
181	1800	23.59	77.9	1.571
181	1900	23.37	77.9	0.62
181	2000	21.58	88.7	0.747
181	2100	21.34	86.5	0.702
181	2200	20.69	89.3	0.637
181	2300	20.12	93.5	0.587
182	0	19.66	97	0.606
182	100	20.19	98.2	0.923
182	200	20.14	98.8	0.837
182	300	19.82	99.5	0.736
182	400	19.39	98.6	0.866
182	500	19.18	98.1	0.918
182	600	19.08	96.7	0.793
182	700	19.23	96	1.057
182	800	20.08	94.6	0.9
182	900	21.27	88.2	1.139
182	1000	22.08	82.3	1.522
182	1100	23.63	77.9	2.094
182	1200	23.19	76.9	1.623
182	1300	21.85	84.4	1.466
182	1400	21.39	92.7	1.084
182	1500	22.97	83.4	1.369
182	1600	23.18	82.5	1.275
182	1700	21.46	89.6	1.124
182	1800	18.98	89.7	1.751
182	1900	19.97	90.2	1.122
182	2000	19.74	92	0.974
182	2100	18.43	89.4	2.517
182	2200	15.44	82	3.309
182	2300	14.56	79.3	3.066
183	0	13.53	73.1	3.767
183	100	11.83	73.2	3.567
183	200	10.7	73.2	3.836
183	300	9.7	71.6	4.36
183	400	8.74	75.1	3.613
183	500	7.06	90.3	2.926
183	600	9.32	86.1	4.618
183	700	10.31	85	4.148
183	800	11.73	80	4.005
183	900	12.54	76	3.453
183	1000	13.62	70.7	4.285
183	1100	14.12	66.01	4.157
183	1200	15.68	58.79	4.689
183	1300	17.18	51.8	4.96
183	1400	18.26	46.42	4.307
183	1500	19.2	46.15	3.832
183	1600	19.76	42.73	3.836
183	1700	20.27	41.37	3.733
183	1800	20.1	39.43	3.965
183	1900	19.84	41.03	3.401
183	2000	18.92	45.45	2.705
183	2100	17.36	52.09	2.401
183	2200	16.53	56.04	2.348
183	2300	15.66	59.27	1.758
184	0	15.09	63.16	1.368
184	100	12.28	79.2	1.184
184	200	11.42	78.8	0.931
184	300	10.78	81.6	0.99
184	400	10.55	83.8	0.884
184	500	10.88	84.4	0.955
184	600	11.34	82.7	1.046
184	700	12.36	81.9	1.19
184	800	13.54	81.8	0.989
184	900	15.73	77.6	1.633
184	1000	16.56	76.5	1.6
184	1100	18.41	70.5	1.842
184	1200	19.77	67.12	1.563
184	1300	21.12	61.49	1.906
184	1400	21.08	52.37	2.463
184	1500	20.67	54.05	2.52
184	1600	20.39	52.4	2.07
184	1700	18.02	58.33	1.687
184	1800	18.51	59.98	1.442
184	1900	18.32	62.3	1.383
184	2000	17.74	62.84	1.131
184	2100	17.15	67.55	0.667
184	2200	16.66	71.6	0.618
184	2300	16.48	73.1	0.795
185	0	15.98	76.4	0.698
185	100	15.48	79.5	0.705
185	200	15.22	82.3	0.659
185	300	14.82	85.8	0.672
185	400	15.09	83.6	0.79
185	500	15.11	83.6	0.631
185	600	14.86	89.1	0.845
185	700	14.36	98.6	0.64
185	800	15.28	96.8	0.485
185	900	16.5	92.9	0.507
185	1000	18.23	83.5	0.57
185	1100	18.9	83.4	1.278
185	1200	19.59	80.3	1.544
185	1300	21.08	74	1.604
185	1400	22.9	68.8	1.415
185	1500	24.58	61.46	1.145
185	1600	25.52	55.98	1.214
185	1700	23.48	57.98	1.127
185	1800	20.42	74.7	0.911
185	1900	19.63	87.5	0.528
185	2000	19.43	83.3	0.82
185	2100	18.36	91.5	0.984
185	2200	17.34	97.8	1.511
185	2300	16.66	95.8	1.74
186	0	15.86	98.1	0.604
186	100	15.49	97.9	0.631
186	200	15.12	98.8	0.497
186	300	14.72	100.4	0.671
186	400	14.52	102.7	0.734
186	500	14.85	102.9	0.835
186	600	15.13	102.8	0.904
186	700	15.89	100	0.976
186	800	17.55	94.7	0.697
186	900	19.2	90.8	0.728
186	1000	20.85	84.6	1.351
186	1100	21.98	78.2	1.718
186	1200	22.33	71.9	2.323
186	1300	22.74	59.65	2.797
186	1400	23.06	56.95	2.873
186	1500	23.28	52.32	2.842
186	1600	23.89	45.86	2.537
186	1700	23.15	44.09	2.964
186	1800	22.82	45.88	2.939
186	1900	22.23	44.62	2.54
186	2000	20.84	52.95	1.417
186	2100	17.28	66.15	0.817
186	2200	15.56	76.7	0.895
186	2300	15.51	76.9	0.987
187	0	16.15	73.1	1.495
187	100	15.45	75.3	1.186
187	200	13.96	85.5	1.533
187	300	12.91	89.7	1.219
187	400	12.03	85.2	1.395
187	500	11.62	81.7	1.585
187	600	10.41	87.7	0.985
187	700	12.04	82.6	1.044
187	800	14.07	77.5	1.489
187	900	14.9	75.5	1.804
187	1000	13.98	77.2	1.661
187	1100	14.6	75.6	1.888
187	1200	16.38	65.5	2.408
187	1300	17.22	59.34	2.683
187	1400	16.9	60.8	2.474
187	1500	17.13	62.09	2.633
187	1600	15.45	79.2	1.996
187	1700	16.74	73.9	1.369
187	1800	17.18	73.4	1.248
187	1900	16.98	71.3	1.209
187	2000	14.76	76.7	1.04
187	2100	14.07	87.7	0.961
187	2200	13.46	96.2	1.192
187	2300	13.23	97.6	0.854
188	0	12.81	99.6	0.888
188	100	13.1	94.2	1.416
188	200	13.68	94.8	2.294
188	300	13.08	98.6	2.258
188	400	13.24	94.9	2.185
188	500	13.22	96.1	1.939
188	600	14.08	93.9	2.049
188	700	15.03	92.1	1.367
188	800	16.39	88.7	0.986
188	900	17.44	85.1	1.486
188	1000	17.38	83.6	1.478
188	1100	18.55	81.3	1.687
188	1200	19.97	76.9	1.732
188	1300	21.29	71.7	1.832
188	1400	22.75	67.05	1.997
188	1500	23.72	60.15	2.079
188	1600	23.62	51.79	1.709
188	1700	22.95	53.55	1.465
188	1800	21.58	62.16	1.611
188	1900	20.69	68.58	1.304
188	2000	17.99	92.1	1.017
188	2100	17.49	94.5	0.654
188	2200	18.18	81.8	0.842
188	2300	19.18	65.35	1.173
189	0	18.93	61.92	1.175
189	100	18.37	64.09	0.864
189	200	17.68	67.91	0.638
189	300	16.41	76.7	0.655
189	400	15.72	82.1	0.739
189	500	15.16	84.5	0.954
189	600	15.46	86.8	0.96
189	700	17.22	78.4	0.859
189	800	17.98	79.1	0.795
189	900	19.36	78	0.678
189	1000	19.78	79.3	0.542
189	1100	19.3	81.7	0.575
189	1200	19.37	83.6	0.768
189	1300	18.87	86.1	0.685
189	1400	18.71	87.2	0.761
189	1500	18.29	90.7	1.239
189	1600	17.38	99.3	0.89
189	1700	17.34	100.2	0.619
189	1800	17.36	100.8	0.64
189	1900	17.66	100.2	0.44
189	2000	17.65	100.8	0.801
189	2100	17.37	101.9	0.698
189	2200	17.27	101.7	0.284
189	2300	16.84	102	0.487
190	0	16.67	102.7	0.443
190	100	16.1	103.2	0.836
190	200	16.13	103.2	0.796
190	300	16.14	103.3	0.964
190	400	16.34	102.8	0.755
190	500	16.15	102.9	0.515
190	600	16.93	102.9	0.418
190	700	17.26	101.8	1.037
190	800	18.9	93.2	1.025
190	900	19.95	87.8	1.507
190	1000	20.3	85.5	1.741
190	1100	21.23	81.4	1.896
190	1200	22.49	78.3	1.812
190	1300	22.49	79.5	2.079
190	1400	24.54	74.4	1.868
190	1500	25.3	70.7	1.881
190	1600	24.69	66.74	1.323
190	1700	24.83	66.31	1.827
190	1800	23.18	74.9	1.742
190	1900	22.86	69.6	1.532
190	2000	21.55	71	0.997
190	2100	19.53	81	1.163
190	2200	18.37	92.3	0.983
190	2300	18.16	91.8	0.926
191	0	17.81	92.4	0.796
191	100	16.92	99.2	0.898
191	200	16.3	100.8	0.948
191	300	15.77	101.7	0.861
191	400	15.64	101.2	0.878
191	500	15.3	101.1	0.904
191	600	15.43	100.1	0.841
191	700	15.87	96.8	0.97
191	800	17.53	93.1	0.847
191	900	18.01	95.1	0.672
191	1000	20.07	86.1	1.008
191	1100	20.11	85.8	1.863
191	1200	20.35	84.4	2.414
191	1300	18.66	95.4	1.614
191	1400	17.35	99.1	1.156
191	1500	16.15	101	1.346
191	1600	18.81	96.6	1.019
191	1700	20.27	91.3	1.114
191	1800	20.83	84	1.731
191	1900	17.61	88.6	1.099
191	2000	17.6	95.6	1.499
191	2100	16.37	100.3	1.167
191	2200	15.88	100.5	1.082
191	2300	15.25	101.4	0.609
192	0	15.56	101.9	0.606
192	100	15.8	101.7	1.036
192	200	15.62	101.1	0.761
192	300	15.54	100.8	0.597
192	400	15.4	101.6	0.681
192	500	15.39	101.9	0.513
192	600	15.34	101.8	0.811
192	700	15.38	102	1.236
192	800	16.86	97.8	1.112
192	900	18.35	88.3	1.228
192	1000	19.48	79.3	1.546
192	1100	19.92	80.3	1.74
192	1200	18.97	81.6	1.316
192	1300	17.36	94.9	0.93
192	1400	16.79	100.3	1.173
192	1500	17.28	97	0.939
192	1600	17.61	93.8	0.562
192	1700	17.43	96.6	1.017
192	1800	18.37	92.1	0.94
192	1900	18.84	87.7	0.768
192	2000	17.16	96.6	0.7
192	2100	16.47	98.2	0.8
192	2200	15.89	100	1.16
192	2300	15.12	99.9	1.414
193	0	14.75	101.2	0.791
193	100	14.59	101.5	0.496
193	200	14.45	101.9	0.447
193	300	14.41	102.3	0.42
193	400	14.57	102.4	0.48
193	500	14.73	102.5	0.653
193	600	14.76	101.5	0.983
193	700	15.16	100.4	0.876
193	800	15.65	97.5	1.614
193	900	16.51	95	1.704
193	1000	17.36	88.9	1.939
193	1100	17.61	87.5	1.918
193	1200	18.89	83.1	2.282
193	1300	18.45	81.7	2.291
193	1400	16.54	93.5	2.261
193	1500	15.54	97.9	1.624
193	1600	16.36	98.9	1.973
193	1700	16.64	97.6	1.954
193	1800	16.49	96.4	2.501
193	1900	16.1	95.6	2.808
193	2000	15.61	96.2	2.825
193	2100	15.44	95.7	2.694
193	2200	15	97.2	2.068
193	2300	14.8	99.3	2.277
194	0	15.1	100.5	2.255
194	100	15.34	99.7	2.062
194	200	15.54	97.1	2.484
194	300	15.48	96.1	2.456
194	400	14.93	98.8	2.179
194	500	14.82	98.8	2.381
194	600	14.73	98.1	2.03
194	700	15.02	95.6	2.121
194	800	15.17	93.9	2.141
194	900	15.82	92.4	2.358
194	1000	16.3	91.8	2.002
194	1100	16.96	87.7	2.661
194	1200	18.42	83.5	2.614
194	1300	18.05	84	2.408
194	1400	18.62	81	2.277
194	1500	18.45	85.4	1.394
194	1600	18.58	95.2	0.942
194	1700	20.11	87	1.495
194	1800	18.01	96.3	1.243
194	1900	16.91	97.9	0.927
194	2000	16.06	99.3	1.185
194	2100	15.53	100	1.131
194	2200	15.59	100.5	0.832
194	2300	15.25	101.5	0.997
195	0	15.26	101.5	0.914
195	100	15.31	101.5	0.748
195	200	15.25	101.7	1.081
195	300	15.03	101.6	0.694
195	400	14.57	102.2	0.715
195	500	14.6	102.2	0.719
195	600	14.38	102	0.722
195	700	15.22	100.7	0.531
195	800	16.16	99	0.646
195	900	17.28	94.3	0.968
195	1000	18.6	87.2	1.265
195	1100	19.61	79.8	1.216
195	1200	21.16	75	1.347
195	1300	22.26	68.22	1.365
195	1400	22.81	66.47	1.4
195	1500	23.52	65.94	1.568
195	1600	21.51	72.8	1.691
195	1700	19.74	87	1.35
195	1800	22.2	77.9	1.574
195	1900	20.66	79.9	1.366
195	2000	19.53	86.2	1.508
195	2100	17.51	94.6	1.021
195	2200	16.45	96.7	1.114
195	2300	15.7	98.7	0.668
196	0	15.06	100.9	0.526
196	100	15.17	101.9	0.59
196	200	15.54	100.3	0.68
196	300	15.55	99.2	0.575
196	400	15.38	99.6	0.806
196	500	15.31	100.3	0.907
196	600	15.39	100	0.969
196	700	15.55	99.3	0.985
196	800	15.8	98.4	0.746
196	900	16.12	96.2	1.007
196	1000	16.83	94.4	1.158
196	1100	17.91	89.7	0.932
196	1200	17.85	88.3	0.858
196	1300	19.19	85.3	1.826
196	1400	19.77	81.3	1.702
196	1500	20.96	76.6	1.738
196	1600	21.93	73.3	1.506
196	1700	22.13	70.2	1.056
196	1800	20.5	77.6	1.509
196	1900	18.66	83.8	1.632
196	2000	17.12	89.2	1.78
196	2100	15.89	94.1	2.135
196	2200	15.72	94.6	1.989
196	2300	15.4	96.3	1.989
197	0	15.02	97.7	1.816
197	100	14.87	97.8	1.645
197	200	14.35	98.2	1.788
197	300	14.08	99	1.538
197	400	14.1	99.4	1.313
197	500	14.05	100.4	1.186
197	600	13.98	101.4	1.383
197	700	13.96	100.8	1.499
197	800	14.21	101.1	1.212
197	900	14.55	100.2	1.35
197	1000	15.9	92.8	1.928
197	1100	16.74	88.6	2.036
197	1200	17.98	85.6	2.087
197	1300	19.2	79.2	2.25
197	1400	19.58	78.9	2.191
197	1500	20.48	77.8	2.262
197	1600	20.76	77.2	2.488
197	1700	20.85	75.1	1.974
197	1800	19.77	78.8	1.851
197	1900	17.48	87.3	2.064
197	2000	15.46	95.6	1.983
197	2100	15.1	96.9	2.041
197	2200	14.63	97.7	1.718
197	2300	14.85	97	1.298
198	0	14.62	97.1	1.503
198	100	14.3	97.7	1.551
198	200	14.04	99	1.49
198	300	13.96	100.1	1.354
198	400	14.31	99	1.022
198	500	14.32	98	1.102
198	600	14.1	100	1.025
198	700	14.13	102.5	1.893
198	800	14.62	101.6	1.936
198	900	14.91	99.9	1.713
198	1000	15.8	97.5	1.925
198	1100	16.81	93.6	1.587
198	1200	17.47	89.8	1.53
198	1300	17.55	89.9	1.298
198	1400	18.11	86.6	1.932
198	1500	19.71	82.1	1.871
198	1600	20.3	76.8	2.268
198	1700	18	85.6	1.945
198	1800	17.54	90.1	1.783
198	1900	17.99	88.4	2.109
198	2000	16.72	94.2	1.697
198	2100	16.31	96.2	1.322
198	2200	15.87	96.5	1.455
198	2300	15.48	99.4	0.948
199	0	15.4	100.8	0.794
199	100	15.55	99.6	0.668
199	200	14.99	101.3	0.436
199	300	15.15	101.3	1.016
199	400	15.49	99.3	1.287
199	500	15.2	99.5	1.307
199	600	15.18	98.6	1.42
199	700	15.42	98.3	1.596
199	800	15.92	96.6	1.505
199	900	17.13	92.4	1.732
199	1000	18.79	83.7	2.073
199	1100	20.61	75.1	2.184
199	1200	21.48	71.4	2.372
199	1300	22.25	70.8	2.013
199	1400	23.39	64.83	1.929
199	1500	24.28	57.06	1.858
199	1600	24.9	51.76	1.931
199	1700	24.87	53.19	1.824
199	1800	25.18	51.31	1.488
199	1900	23.65	57.78	1.069
199	2000	21.18	70.2	0.822
199	2100	19.33	72.9	0.81
199	2200	17.59	78.1	0.81
199	2300	16.74	87.3	0.512
200	0	16.15	90.6	0.614
200	100	14.63	95.2	0.792
200	200	13.71	99	0.81
200	300	13.09	100.9	1.099
200	400	12.39	102	1.142
200	500	12.05	102.7	1.046
200	600	11.88	103	1.008
200	700	13.41	100.9	0.907
200	800	17.45	83.8	0.706
200	900	19.02	78.9	0.985
200	1000	21.07	77.2	1.097
200	1100	22.64	71.3	1.213
200	1200	24.87	62.01	1.276
200	1300	26.58	51.68	1.491
200	1400	27.28	46.98	1.698
200	1500	27.59	43	1.685
200	1600	27.8	44.49	1.575
200	1700	27.46	40.52	1.762
200	1800	27.86	40.19	1.382
200	1900	27.3	40.37	1.134
200	2000	24.25	47.91	1.002
200	2100	20.88	63.14	0.889
200	2200	18.58	76.5	0.939
200	2300	17.47	87	1.002
201	0	16.21	92.1	1.286
201	100	15.29	95.9	1.471
201	200	14.86	96.6	1.12
201	300	14.34	98.6	1.183
201	400	13.97	99.6	0.981
201	500	13.64	99.6	1.191
201	600	13.26	100.3	1.328
201	700	14.91	94.1	1.192
201	800	18.48	82.7	1.006
201	900	20.16	80.3	1.443
201	1000	22.44	73.5	1.621
201	1100	23.97	66.14	1.829
201	1200	25.32	59.9	2.005
201	1300	26.11	51.43	2.421
201	1400	27.27	42.74	2.203
201	1500	27.87	47.33	2.16
201	1600	28.51	47.15	1.886
201	1700	28.83	45.68	1.735
201	1800	28.48	45.02	1.676
201	1900	27.75	50.06	1.5
201	2000	25.21	57.06	1.317
201	2100	23.71	57.85	1.224
201	2200	21.67	66.65	1.047
201	2300	19.21	81.3	0.799
202	0	17.97	89.6	1.247
202	100	17.57	92.8	1.27
202	200	16.63	95.1	0.995
202	300	15.97	96.7	1.066
202	400	15.96	94.8	1.236
202	500	15.13	96.4	1.216
202	600	14.88	97.5	1.127
202	700	16.37	91.3	0.969
202	800	19.91	79.7	0.966
202	900	21.68	75	1.31
202	1000	23	72.2	1.629
202	1100	24.4	68.16	1.79
202	1200	24.67	71.3	1.316
202	1300	26.96	63.79	1.581
202	1400	28.03	61.98	1.93
202	1500	27.52	64.85	2.083
202	1600	27.42	66.71	2.061
202	1700	27.12	66.26	1.887
202	1800	26.14	67.02	1.71
202	1900	25.84	71.9	0.967
202	2000	25.1	75.9	0.589
202	2100	22.89	82.6	0.798
202	2200	21.72	84.6	0.79
202	2300	21.79	83.2	0.756
203	0	22.35	77.9	0.889
203	100	22.12	75.5	1.033
203	200	22.24	74.4	1.194
203	300	21.25	78.3	0.694
203	400	20.32	83.8	0.661
203	500	20.92	83.5	0.911
203	600	20.04	88.7	0.855
203	700	20.32	87.1	0.793
203	800	21.97	81	0.914
203	900	22.85	78.9	1.155
203	1000	23.43	80.4	1.373
203	1100	25.27	72.7	1.493
203	1200	25.97	70.9	1.933
203	1300	25.98	72.9	1.797
203	1400	26	74.5	1.931
203	1500	26.45	74	2.004
203	1600	25.59	77.3	1.548
203	1700	25.82	81.4	1.039
203	1800	24.03	92.2	0.742
203	1900	23.4	89.9	0.939
203	2000	21.02	93.3	1.411
203	2100	19.76	95.8	1.686
203	2200	19.26	100.5	1.054
203	2300	18.99	100.4	0.804
204	0	19.13	101.6	0.927
204	100	18.74	100.5	0.674
204	200	17.8	102.4	0.743
204	300	17.71	103.1	0.832
204	400	17.51	103.1	1.165
204	500	17.37	102.6	1.086
204	600	17.3	102.3	1.088
204	700	18.29	99.7	0.735
204	800	20.48	94.5	1.023
204	900	21.42	92.2	1.533
204	1000	22.03	92.7	1.465
204	1100	23.77	88	1.973
204	1200	24.94	83.1	1.893
204	1300	26.67	76.9	1.645
204	1400	28.31	75.1	1.778
204	1500	29.19	71.3	1.784
204	1600	29.86	70.8	1.638
204	1700	30.19	68.77	1.442
204	1800	30.23	67.06	1.238
204	1900	29.82	67.4	0.961
204	2000	28.2	72.1	0.828
204	2100	26.49	78.8	0.792
204	2200	25.83	77.1	0.987
204	2300	24.3	84.7	0.602
205	0	24	86.1	0.793
205	100	23.97	87.5	0.905
205	200	23.42	90.8	0.645
205	300	22.99	93.5	0.659
205	400	23.26	91.3	0.69
205	500	22.73	93.6	0.523
205	600	22.37	96.2	0.648
205	700	24.08	88.3	0.982
205	800	23.52	92.6	1.543
205	900	23.38	100	1.521
205	1000	24.6	95.5	1.533
205	1100	24.71	94.1	1.571
205	1200	25.62	91.2	1.7
205	1300	25.24	92.6	1.463
205	1400	26.11	89.7	1.692
205	1500	28.27	79.5	2.611
205	1600	29.19	74.6	2.247
205	1700	29.05	72.6	2.321
205	1800	26.35	83.1	2.136
205	1900	23.35	96.9	1.561
205	2000	23.69	88.8	2.536
205	2100	23.23	67.89	3.785
205	2200	21.17	77	1.085
205	2300	22.3	68.12	1.81
206	0	21.86	70	1.48
206	100	20.64	75.7	1.06
206	200	20.41	74.5	1.182
206	300	19.74	77.4	1.346
206	400	19.1	80.9	1.243
206	500	18.55	82.2	1.26
206	600	17.47	90.4	1.113
206	700	18.89	84.6	0.934
206	800	20.61	73.8	1.195
206	900	20.39	74.2	1.028
206	1000	20.49	76.4	1.242
206	1100	21.03	74.6	1.721
206	1200	21.62	75	1.905
206	1300	21.74	75.5	1.793
206	1400	23.33	65.18	1.864
206	1500	23.17	59.18	2.49
206	1600	23.68	58.06	2.807
206	1700	23.47	56.9	2.954
206	1800	23.51	54.97	2.278
206	1900	23.27	51.53	2.689
206	2000	21.37	57.68	2.684
206	2100	20.17	54.47	3.838
206	2200	18.48	56.43	2.434
206	2300	16.3	67.3	0.816
207	0	16.79	58.15	1.761
207	100	16	56.87	2.208
207	200	14.66	56.43	2.486
207	300	13.28	58.8	1.221
207	400	12.86	58.42	1.557
207	500	12.72	58.88	2.064
207	600	12.18	62.31	2.016
207	700	12.27	64.91	2.562
207	800	13.24	63.94	2.137
207	900	14.21	62.77	1.959
207	1000	15.84	59.1	1.904
207	1100	16.1	56.35	2.06
207	1200	17.02	50.62	2.703
207	1300	18.42	47.08	2.588
207	1400	18.83	46.08	2.688
207	1500	18.83	42.9	2.858
207	1600	18.92	41.86	3.31
207	1700	18.47	42.2	4.029
207	1800	18.1	43.27	4.395
207	1900	17.65	45.74	3.071
207	2000	16.44	49.74	2.366
207	2100	15.38	57.31	2.299
207	2200	14.56	61.38	2.361
207	2300	13.62	65.88	1.774
208	0	13.39	69.79	2.221
208	100	13.04	71	1.966
208	200	11.65	77	0.858
208	300	11.52	78.6	1.044
208	400	11.29	79.3	1.044
208	500	9.42	89.3	1.229
208	600	9.52	89.5	1.182
208	700	11.48	83.5	1.148
208	800	14.02	70.4	1.423
208	900	15.37	63.05	1.653
208	1000	16.95	59.76	1.767
208	1100	18.05	58.96	1.797
208	1200	19.27	57.6	2.068
208	1300	19.39	59.3	2.061
208	1400	20.94	51.62	2.05
208	1500	20.83	46.3	2.322
208	1600	20.43	44.56	2.494
208	1700	20.59	43.58	2.318
208	1800	20	45.29	2.347
208	1900	19.78	47.66	1.945
208	2000	18.69	50.26	1.663
208	2100	16.59	61.41	0.893
208	2200	16.05	66.64	0.796
208	2300	15.94	67.54	1.077
209	0	13.77	78	0.794
209	100	14.29	74.9	0.64
209	200	14.39	76.9	1.089
209	300	13.51	80.5	0.735
209	400	11.46	93.4	1.221
209	500	10.79	96.5	1.155
209	600	10.23	97.7	1.379
209	700	11.98	94.2	1.006
209	800	14.43	89.5	1.395
209	900	15.3	86.6	1.652
209	1000	17.64	77.8	1.928
209	1100	19.47	70.6	1.869
209	1200	21.56	64.22	1.993
209	1300	21.39	62.93	1.544
209	1400	23.04	58.02	2.099
209	1500	20.93	68.87	1.022
209	1600	21	62.26	1.807
209	1700	19.54	78	1.436
209	1800	22.21	63	1.368
209	1900	22.19	57.21	1.663
209	2000	20.45	64.94	1.171
209	2100	16.12	96.3	1.417
209	2200	14.97	102.2	0.933
209	2300	15.21	102.9	1.028
210	0	15.52	102	0.554
210	100	15.02	100.9	0.514
210	200	14.01	103.1	0.924
210	300	13.22	103.1	1.208
210	400	12.74	99.6	1.195
210	500	12.24	97.9	1.287
210	600	12.34	95.7	1.133
210	700	13.86	92.7	0.942
210	800	16.4	86.9	0.939
210	900	18.48	82.8	1.219
210	1000	19.94	79.4	1.529
210	1100	22.02	71.7	1.637
210	1200	23.46	61.45	1.979
210	1300	24.85	56.96	2.158
210	1400	25.72	50.84	2.365
210	1500	26.24	45.47	2.485
210	1600	25.81	43.83	1.873
210	1700	26.52	42.63	1.926
210	1800	26.79	42.29	1.598
210	1900	25.15	47.48	1.176
210	2000	23.26	51.15	0.949
210	2100	20.94	60.18	0.736
210	2200	18.35	77	1.082
210	2300	17.78	77.7	0.954
211	0	16.64	88.6	1.209
211	100	16.03	92.5	1.306
211	200	15.64	92.5	1.226
211	300	15.01	92.5	1.279
211	400	14.52	92.7	1.335
211	500	14.06	95.7	0.938
211	600	13.44	98.3	0.805
211	700	14.34	93.6	0.643
211	800	16.11	88.5	0.64
211	900	18.42	81.5	0.524
211	1000	22.2	69.21	0.749
211	1100	23.67	64.42	1.139
211	1200	25.6	59.2	1.299
211	1300	27.02	48.25	1.351
211	1400	28.14	39.13	1.459
211	1500	28.31	45.05	1.723
211	1600	26.57	53.28	1.95
211	1700	26.32	44.96	1.341
211	1800	27.78	41.46	0.947
211	1900	27.31	46.47	0.698
211	2000	22.88	61.93	0.686
211	2100	20.93	69.19	0.832
211	2200	19.32	79.7	0.76
211	2300	17.33	91.7	1.041
212	0	16.37	96.6	1.045
212	100	15.77	99.1	1.008
212	200	14.85	100.9	1.25
212	300	14.13	102.1	1.172
212	400	13.58	102.7	1.261
212	500	13.26	103	1.094
212	600	13.08	103.3	1.177
212	700	13.87	102.5	1.082
212	800	17.99	84.8	0.45
212	900	20.04	74.2	0.837
212	1000	22.5	67.46	0.825
212	1100	24.17	58.45	1.036
212	1200	25.83	53.3	1.241
212	1300	27.23	49.04	1.366
212	1400	28.52	43.27	1.33
212	1500	29.07	40.31	1.292
212	1600	28.89	37.8	1.712
212	1700	29.21	34.6	1.822
212	1800	28.62	38.39	1.51
212	1900	26.56	47.21	1.903
212	2000	23.62	57.32	0.549
212	2100	21.05	64.54	0.909
212	2200	18.94	75.7	1.228
212	2300	17.99	80.6	0.974
213	0	16.58	90.1	1.241
213	100	15.99	91.4	0.723
213	200	15.94	94	0.679
213	300	14.61	98.7	1.207
213	400	13.84	100.3	1.486
213	500	12.96	100.7	1.11
213	600	12.47	102	1.26
213	700	13.47	99.8	1.065
213	800	18.17	87.3	0.706
213	900	21.59	70.5	0.714
213	1000	24.34	60.72	0.698
213	1100	25.35	56.52	1.1
213	1200	26.33	56.51	1.246
213	1300	27.88	55.06	1.708
213	1400	28.84	52.6	1.858
213	1500	29.2	49.69	2.125
213	1600	29.46	50.03	1.954
213	1700	29.65	48.28	1.71
213	1800	30.1	45.43	1.253
213	1900	29.26	41.97	0.955
213	2000	26.11	47.89	0.822
213	2100	23.21	65.35	0.767
213	2200	22.33	71.4	1.056
213	2300	22.01	70.8	0.749
214	0	22.13	67.22	0.892
214	100	20.32	75	0.887
214	200	18.82	81.7	1.122
214	300	18.53	82.3	1.189
214	400	17.51	87.2	1.143
214	500	17.56	84.5	1.434
214	600	17.13	84.3	1.101
214	700	18.63	76.8	0.762
214	800	21.01	71.1	1.104
214	900	21.83	68.97	1.865
214	1000	22.87	69.89	1.663
214	1100	25.03	64.43	1.802
214	1200	26.94	61.17	1.68
214	1300	28.9	59.11	1.963
214	1400	30.48	54.62	2.217
214	1500	28.83	59.12	2.151
214	1600	28.38	64.44	1.607
214	1700	27.49	68.88	1.423
214	1800	27.54	68.55	1.376
214	1900	27.13	69.34	1.7
214	2000	26.83	70.8	2.067
214	2100	26.07	72.1	1.417
214	2200	25.67	72.2	1.159
214	2300	24.98	78.1	1.142
215	0	24.54	81.9	1.089
215	100	24.16	81.8	1.363
215	200	23.59	83	1.495
215	300	22.62	89.6	1.735
215	400	22.05	93.7	1.351
215	500	21.2	96.7	0.848
215	600	20.93	87	0.985
215	700	21.56	74.9	1.693
215	800	22.93	67.09	1.572
215	900	23.99	61.66	1.715
215	1000	25.15	54.79	1.685
215	1100	26.35	49.87	1.781
215	1200	27.29	46.08	1.682
215	1300	28.26	43.18	1.778
215	1400	29.02	40.77	1.711
215	1500	29.56	31.42	2.103
215	1600	29.66	29.03	1.835
215	1700	29.7	32.16	1.922
215	1800	28.87	33.93	2.463
215	1900	27.3	33.51	2.924
215	2000	25.15	37.84	3.346
215	2100	22.91	43.94	1.538
215	2200	20.95	60.74	0.923
215	2300	20.11	69.47	0.856
216	0	18.56	78	0.924
216	100	17.44	79.3	1.152
216	200	16.41	83.4	1.057
216	300	15.7	87.2	0.94
216	400	15.34	86.3	0.732
216	500	14.32	90.9	0.896
216	600	13.04	98.8	1.279
216	700	14.05	94.9	1.063
216	800	18.87	74.1	0.864
216	900	20.68	68.79	1.697
216	1000	22.83	57.75	1.786
216	1100	24.41	47.3	2.094
216	1200	25.05	43.5	2.243
216	1300	26.28	38.92	1.907
216	1400	26.53	43.5	1.985
216	1500	27.44	35.75	1.365
216	1600	27.97	35.33	1.312
216	1700	27.84	38.52	1.365
216	1800	27.76	37.45	1.312
216	1900	26.72	41	1.155
216	2000	23.17	56.42	1.077
216	2100	20.85	68.38	0.751
216	2200	18.75	81.2	0.737
216	2300	17.93	83.4	0.692
217	0	17.53	84.1	0.695
217	100	16.2	90.1	0.796
217	200	15.43	93.3	1.063
217	300	14.32	99.6	1.143
217	400	13.83	101	1.186
217	500	13.64	101.7	1.18
217	600	13.36	101.3	1.05
217	700	13.86	99.1	1.137
217	800	17.45	85.5	0.871
217	900	20.73	73	0.714
217	1000	23.3	64.33	1.096
217	1100	24.71	62.22	1.608
217	1200	26.14	55.62	1.832
217	1300	27.26	51.88	1.997
217	1400	27.73	48.77	2.066
217	1500	28.4	53.41	1.533
217	1600	28.9	51.79	1.569
217	1700	28.67	50.02	1.435
217	1800	29.23	49.54	1.252
217	1900	29.32	48.82	1.038
217	2000	25.72	61.57	0.688
217	2100	23.72	68.94	0.927
217	2200	23.25	70.3	0.691
217	2300	22.2	75.7	0.634
218	0	23.73	63.7	0.728
218	100	23.34	66.22	0.648
218	200	23.31	67.19	0.766
218	300	22.56	71	0.704
218	400	21.38	77.6	0.901
218	500	20.16	82.3	1.061
218	600	19.63	84.9	0.99
218	700	19.79	85.2	0.922
218	800	22.86	74.1	0.801
218	900	24.23	68.1	1.891
218	1000	25.38	66.12	1.824
218	1100	26.43	64.08	2.124
218	1200	27.25	62.55	2.045
218	1300	26.89	66.08	1.603
218	1400	26.56	65.78	1.847
218	1500	26.64	65.12	1.561
218	1600	26.29	64.78	1.485
218	1700	26.76	62.61	1.722
218	1800	26.01	66.17	1.566
218	1900	24.95	70.9	1.446
218	2000	22.51	89.3	1.05
218	2100	20.99	100.9	0.919
218	2200	20.89	101.8	0.678
218	2300	21.05	101.9	0.485
219	0	20.89	102.3	0.757
219	100	20.85	101.1	0.809
219	200	20.85	100.7	0.88
219	300	20.92	100.6	0.867
219	400	20.64	99.9	0.767
219	500	20.07	97.8	0.655
219	600	19.46	102.3	0.668
219	700	20.21	100.3	0.804
219	800	21.46	95.5	0.882
219	900	22.76	92.2	1.28
219	1000	23.73	90.3	1.787
219	1100	24.33	88.4	1.783
219	1200	26.38	78.6	2.327
219	1300	27.33	67.52	2.526
219	1400	29.09	50.31	2.78
219	1500	29.43	44.41	3.129
219	1600	29.54	45.04	3.174
219	1700	29.29	39.94	3.996
219	1800	28.59	40.04	3.822
219	1900	28.05	41.22	3.073
219	2000	26.18	47.8	2.137
219	2100	24.91	53.14	1.536
219	2200	24.38	53.7	1.598
219	2300	22.79	62.13	0.971
220	0	20.23	75.2	0.991
220	100	19.2	78.4	0.733
220	200	18.74	82.9	0.597
220	300	17.26	90.8	1.005
220	400	15.84	96.1	1.539
220	500	15.62	96.4	1.064
220	600	15.52	97.2	0.984
220	700	15.84	97.1	0.849
220	800	16.65	95.2	0.992
220	900	17.8	93	0.807
220	1000	18.05	93.1	0.94
220	1100	18.5	97.5	0.696
220	1200	19.73	92.8	0.843
220	1300	20.73	90	0.948
220	1400	20.54	91.9	0.899
220	1500	21.32	88.9	0.987
220	1600	22.42	84.1	0.85
220	1700	23.87	78.3	1.063
220	1800	25.89	70.6	0.787
220	1900	25.67	68.43	0.862
220	2000	22.2	84.5	0.654
220	2100	19.85	95.7	1.117
220	2200	19.91	95.7	1.14
220	2300	19.99	93.8	0.932
221	0	18.83	98.7	1.051
221	100	18.4	101.4	1.037
221	200	18.89	99.6	0.866
221	300	18.21	102.3	1.017
221	400	18.17	101.9	1.171
221	500	18.08	101.6	0.996
221	600	18.63	101.2	0.83
221	700	18.99	100.8	0.75
221	800	21.14	95.5	0.788
221	900	23.09	88.2	1.048
221	1000	25.01	82.5	2.113
221	1100	26.16	78.4	2.028
221	1200	27.68	73.3	2.02
221	1300	29.06	66.73	2.005
221	1400	30.1	63.2	2.251
221	1500	30.53	58.51	2.662
221	1600	30.89	54.7	2.39
221	1700	31.27	54.31	2.282
221	1800	31.67	53.04	1.84
221	1900	31.04	58.48	1.271
221	2000	29.07	65.15	1.137
221	2100	27.51	71.9	0.663
221	2200	27.26	73.2	0.845
221	2300	28.19	68.23	1.684
222	0	28.51	64.66	2.061
222	100	27.81	65.58	1.849
222	200	27.24	67.52	2.052
222	300	26.69	71.4	1.653
222	400	26.31	72.7	1.608
222	500	26.31	71.5	1.867
222	600	24.65	81.6	2.035
222	700	23.06	95	0.718
222	800	23.81	86.5	1.553
222	900	24.92	83	1.991
222	1000	25.41	81.3	2.477
222	1100	27.26	73.6	2.736
222	1200	28.06	64.58	3.306
222	1300	28.77	60.65	3.509
222	1400	29.18	54.22	3.777
222	1500	28.4	42.24	4.513
222	1600	28.1	40.67	4.733
222	1700	27.31	41.73	4.625
222	1800	26.26	43.3	4.511
222	1900	24.34	46.96	4.787
222	2000	22.16	50.55	4.361
222	2100	20.57	52.79	3.054
222	2200	19.49	56.83	2.803
222	2300	18.66	61.44	2.166
223	0	18.06	62.66	1.759
223	100	16.94	67.84	1.225
223	200	16.73	67.82	1.35
223	300	16.12	68.62	1.334
223	400	13.99	82.7	0.929
223	500	13.11	87.9	0.848
223	600	11.95	93.7	1.142
223	700	12.37	93.1	1.325
223	800	16.21	74.1	1.122
223	900	18.11	61.06	1.546
223	1000	19.34	54.75	1.79
223	1100	20.25	54.99	1.98
223	1200	21.43	53.15	1.824
223	1300	22.42	51.32	1.975
223	1400	22.88	51.48	2.202
223	1500	23.76	47.17	2.129
223	1600	24.07	47.53	2.036
223	1700	24.37	43.65	1.819
223	1800	24.4	42.5	1.153
223	1900	24.16	44.36	0.819
223	2000	20.14	53.03	0.785
223	2100	18.12	62.06	1.215
223	2200	17.37	69.15	1.257
223	2300	14.63	83.7	1.349
224	0	13.94	88	1.346
224	100	12.93	92.3	1.063
224	200	12.38	94.8	1.188
224	300	12.21	96.2	1.264
224	400	12.37	96.7	0.996
224	500	11.97	99.2	1.239
224	600	11.15	100.7	1.332
224	700	11.6	100	1.345
224	800	15.59	88.2	1.079
224	900	19.35	78.4	1.321
224	1000	21.47	68.33	1.696
224	1100	23.2	61.45	1.567
224	1200	24.57	57.36	1.506
224	1300	24.99	56.81	1.639
224	1400	26.02	52.86	2.116
224	1500	26.97	50.91	2.093
224	1600	27.79	48.17	1.98
224	1700	27.37	54.81	1.581
224	1800	25.99	71.8	0.607
224	1900	26.35	63.95	0.54
224	2000	24.99	68.63	0.594
224	2100	23.96	71.4	0.811
224	2200	22.33	77.7	0.575
224	2300	21.47	82.4	0.853
225	0	20.03	87.2	1.048
225	100	19.31	87.4	1.083
225	200	19.24	86.6	1.029
225	300	19.4	86.9	0.746
225	400	20.08	81.4	0.847
225	500	20.11	80.6	0.826
225	600	20.04	82.6	0.95
225	700	20.36	85.1	0.835
225	800	20.95	85.2	0.652
225	900	21.58	85.8	0.941
225	1000	22.92	82.2	1.703
225	1100	24.09	77.5	1.986
225	1200	25.11	71.5	2.089
225	1300	26.55	67.11	2.215
225	1400	26.68	61.97	2.421
225	1500	27.11	56.82	2.55
225	1600	23.01	63.76	3.419
225	1700	22.05	71.1	2.892
225	1800	22.18	69.3	3.167
225	1900	22.1	67.09	2.805
225	2000	20.56	64.22	2.482
225	2100	19.35	63.41	1.935
225	2200	17.82	64.64	1.077
225	2300	16.79	68.73	1.593
226	0	15.76	74.4	0.973
226	100	15.28	76.1	1.06
226	200	14.46	78.9	1.29
226	300	13.86	80.9	1.558
226	400	13.12	84.9	0.791
226	500	11.96	89.8	1.113
226	600	10.59	96.9	1.184
226	700	10.83	96.5	1.314
226	800	15.1	81.8	1.033
226	900	17.81	73.6	1.249
226	1000	20.09	67.21	1.331
226	1100	21.92	54.84	1.292
226	1200	23.01	48.63	1.604
226	1300	24.01	44.3	1.648
226	1400	25.03	44.73	1.744
226	1500	25.12	43.24	2.205
226	1600	25.26	41.94	2.128
226	1700	25.18	38.34	1.814
226	1800	25.22	36.3	1.585
226	1900	23.97	39.66	1.656
226	2000	21.64	47.21	1.14
226	2100	19.48	55.69	0.941
226	2200	18.52	60.24	0.792
226	2300	16.29	74.7	1.074
227	0	15.1	82	1.225
227	100	13.57	89.2	1.436
227	200	12.77	91.6	1.268
227	300	12.28	91.8	1.266
227	400	11.53	94.2	1.412
227	500	11.33	94.1	1.364
227	600	10.55	96.9	1.309
227	700	11.49	92.4	1.269
227	800	14.31	79.9	1.023
227	900	17.87	69.16	0.79
227	1000	19.73	62.53	1.666
227	1100	21.5	61.41	1.751
227	1200	23.32	57.58	1.995
227	1300	24.97	50.67	2.3
227	1400	26.42	41.65	2.303
227	1500	27.28	38.74	2.147
227	1600	27.57	35.83	2.111
227	1700	27.33	35.75	1.825
227	1800	27.28	32.65	1.44
227	1900	26.19	35.95	1.063
227	2000	23.61	42.05	0.741
227	2100	21.11	53.55	0.898
227	2200	19.33	61.11	0.566
227	2300	18.07	64.86	0.644
228	0	17.35	67.58	0.883
228	100	16.84	70.5	0.925
228	200	16.63	69.86	0.9
228	300	16.2	71.5	1.183
228	400	14.65	79.2	1.407
228	500	13.93	82.3	1.189
228	600	13.16	84.2	1.06
228	700	13.04	87.8	1.24
228	800	16.97	73.6	0.854
228	900	20.03	64.55	0.879
228	1000	21.34	61.19	1.484
228	1100	22.41	60.32	1.551
228	1200	24.13	55.77	1.539
228	1300	25.53	52.4	1.437
228	1400	26.79	49.78	1.843
228	1500	26.93	47.03	1.419
228	1600	27.32	46.93	1.544
228	1700	28.15	45.27	1.236
228	1800	27.23	49.93	0.814
228	1900	26.34	54.98	0.53
228	2000	23.63	63.36	0.565
228	2100	22.15	72.1	1.051
228	2200	21.7	76.6	1.054
228	2300	21.46	81.5	0.796
229	0	20.72	88.4	1.791
229	100	19.62	98.9	0.734
229	200	19.28	102.1	0.75
229	300	18.69	101	0.787
229	400	18.03	101.8	0.642
229	500	17.78	102.1	0.709
229	600	17.75	102.8	0.891
229	700	18	102.9	0.933
229	800	18.53	102.1	0.786
229	900	18.81	101.7	0.669
229	1000	19.26	98.4	1.097
229	1100	19.17	100.1	1.225
229	1200	19.8	99.8	0.933
229	1300	21.82	94.2	0.872
229	1400	21.49	97.2	1.502
229	1500	21.57	99.4	0.62
229	1600	23.13	94.2	0.834
229	1700	23.74	92.3	1.723
229	1800	22.32	97.1	1.013
229	1900	19.16	99	1.381
229	2000	19.16	100.5	0.806
229	2100	18.06	100.3	0.759
229	2200	17	102.3	0.903
229	2300	17	103.1	0.738
230	0	17.25	103.7	1.031
230	100	17.55	103.1	0.949
230	200	17.85	99.6	0.758
230	300	17.46	101.6	0.668
230	400	17.72	101.2	0.72
230	500	17.69	100.9	0.472
230	600	18.02	99.9	1.276
230	700	18.38	99.6	1.551
230	800	18.8	98.8	1.484
230	900	19.2	97.3	1.457
230	1000	20.44	93.4	1.752
230	1100	20.79	91.9	1.986
230	1200	21.85	86.8	2.608
230	1300	22.12	84.5	2.68
230	1400	22.84	81.8	2.33
230	1500	23.32	76.5	3.489
230	1600	23.55	73.1	2.752
230	1700	23.6	72.4	2.574
230	1800	23.47	70.3	2.401
230	1900	23.03	73.8	1.949
230	2000	22.18	75.5	1.938
230	2100	21.76	76.2	1.981
230	2200	20.63	77.5	1.723
230	2300	19.82	80.7	1.32
231	0	18.41	87.1	0.954
231	100	17.79	89.1	0.537
231	200	16.73	95.4	0.57
231	300	16.35	97.6	0.608
231	400	16.55	95.5	0.599
231	500	15.14	100.5	0.935
231	600	14.95	101.9	0.872
231	700	15.66	98	0.767
231	800	17.85	92.6	0.904
231	900	20.11	86.1	1.41
231	1000	21.55	78	1.71
231	1100	22.53	66.35	1.874
231	1200	24.14	58.43	1.987
231	1300	25.41	56.43	1.771
231	1400	26.81	49.52	1.582
231	1500	27.08	45.54	1.783
231	1600	27.65	40.73	1.338
231	1700	26.86	43.55	1.735
231	1800	26.07	44.97	0.813
231	1900	23.99	59.07	1.126
231	2000	20.61	72.6	2.367
231	2100	17.59	89.4	3.144
231	2200	16.93	90.9	3.015
231	2300	15.98	94.1	3.067
232	0	15.69	94.6	3.206
232	100	15.62	95.4	3.214
232	200	15.48	95	3.346
232	300	14.87	95.9	3.132
232	400	14.43	96.9	3.279
232	500	13.97	98.7	3.173
232	600	13.32	102	3.226
232	700	13.13	101.9	3.279
232	800	12.79	102.4	3.394
232	900	13.56	102	2.957
232	1000	13.9	101.7	2.918
232	1100	15.17	96.9	3.173
232	1200	15.86	92.8	3.603
232	1300	16.38	89.1	4.099
232	1400	16.15	90.1	3.783
232	1500	16.05	90.6	3.552
232	1600	16.21	90.3	4.089
232	1700	16.1	92.2	4.023
232	1800	16.13	94.4	3.807
232	1900	16.01	95.3	3.791
232	2000	15.81	96.2	3.42
232	2100	15.83	95.8	3.155
232	2200	15.86	95.3	2.947
232	2300	15.93	95.8	2.853
233	0	15.91	100.4	2.5
233	100	15.97	101.4	2.312
233	200	15.59	103	2.225
233	300	15.63	103.1	1.91
233	400	15.45	103.4	1.834
233	500	15.54	103.2	1.96
233	600	15.74	103.1	1.56
233	700	15.77	102.9	1.817
233	800	15.81	102.5	1.734
233	900	16.14	101.1	1.78
233	1000	16.33	100.7	1.706
233	1100	16.66	99.9	1.704
233	1200	17.97	96.5	1.333
233	1300	18.34	96	1.333
233	1400	19.39	93	1.558
233	1500	20.01	91.2	1.648
233	1600	21.47	85.3	1.751
233	1700	20.68	89.2	1.717
233	1800	21.81	83.2	1.314
233	1900	19.78	89.7	1.461
233	2000	17.26	99.3	1.383
233	2100	16.63	101.2	1.495
233	2200	16.45	101.2	1.115
233	2300	16.44	100.8	0.921
234	0	16.49	100.7	1.198
234	100	16.09	102.1	1.154
234	200	15.99	102.5	0.924
234	300	15.83	103	0.91
234	400	15.73	103.5	0.912
234	500	15.7	103.4	0.727
234	600	15.75	103.1	0.576
234	700	15.9	103.3	0.727
234	800	16.3	102.9	0.75
234	900	17.78	98.6	0.487
234	1000	18.78	94.8	0.732
234	1100	19.76	92.4	0.992
234	1200	21.41	85.8	1.067
234	1300	22.54	83.6	1.871
234	1400	23.81	78.2	2.107
234	1500	25.16	67.12	2.231
234	1600	25.49	65.8	2.217
234	1700	25.81	63.94	1.849
234	1800	25.84	62.56	1.651
234	1900	25.29	63.74	1.068
234	2000	22.01	77.4	0.762
234	2100	20.66	83	0.805
234	2200	19.25	91.3	1.05
234	2300	17.63	99.3	1.324
235	0	16.7	101.5	1.113
235	100	17.15	97.5	1.403
235	200	16.99	94.2	1.084
235	300	16.21	96	1.175
235	400	16.05	94.6	0.748
235	500	15.96	94.4	0.61
235	600	15.59	95.8	0.681
235	700	15.5	96.7	1.093
235	800	18	89.3	0.869
235	900	19.98	79.9	1.239
235	1000	19.87	79.3	1.63
235	1100	20.03	79.4	1.229
235	1200	21.48	77.8	1.634
235	1300	23.27	72.3	1.821
235	1400	22.12	76.3	1.879
235	1500	21.98	76.9	2.337
235	1600	22.28	79	1.856
235	1700	23.69	70.2	1.652
235	1800	23.57	68.91	1.237
235	1900	22.33	70.4	1.49
235	2000	21.67	65.56	2.768
235	2100	20.63	66.82	2.959
235	2200	19.65	62.43	3.612
235	2300	18.12	63.27	3.045
236	0	16.76	66.87	3.097
236	100	16.34	68.42	2.604
236	200	15.67	67.06	2.566
236	300	14.46	73.9	1.566
236	400	12.67	81	0.56
236	500	11.66	85.2	0.962
236	600	9.94	94.9	1.286
236	700	9.59	98.4	1.462
236	800	12.85	86.1	0.973
236	900	15.71	70.6	1.794
236	1000	16.51	63.45	2.263
236	1100	17.21	56.64	2.35
236	1200	17.5	56.04	2.454
236	1300	17.83	54.94	2.035
236	1400	18.52	55.01	1.94
236	1500	18.93	54.16	2.102
236	1600	19.32	51.84	1.957
236	1700	19.07	53.08	1.829
236	1800	18.6	52.26	1.631
236	1900	17.75	55.65	1.373
236	2000	14.9	66.36	0.826
236	2100	12.66	77.8	0.669
236	2200	11.37	83.2	1.098
236	2300	10.12	90	1.293
237	0	9.67	92.1	1.06
237	100	9.46	95	1.097
237	200	8.67	98.6	1.282
237	300	7.68	101.4	1.405
237	400	7.44	101.8	1.406
237	500	7.6	101	1.435
237	600	7.16	101.7	1.35
237	700	7.05	101.5	1.506
237	800	9.9	87	1.158
237	900	14.17	68.74	0.656
237	1000	16.42	60.58	0.888
237	1100	17.23	62.69	1.321
237	1200	19.08	60.28	1.464
237	1300	20.82	52.11	1.511
237	1400	21.6	47.9	1.955
237	1500	22.23	36.79	1.999
237	1600	22.53	40.34	1.954
237	1700	22.96	45.3	1.63
237	1800	23.08	46.55	1.246
237	1900	22.28	48.84	0.778
237	2000	17.18	67.4	1.038
237	2100	15.5	75.5	1.192
237	2200	13.44	88.5	1.322
237	2300	12.74	90.9	1.383
238	0	12.79	86	0.961
238	100	11.83	89.6	1.202
238	200	10.77	96.3	1.326
238	300	10.51	96.9	1.243
238	400	9.77	98.2	1.247
238	500	9.71	97.4	0.997
238	600	9.14	100.1	1.34
238	700	9.55	100.6	1.386
238	800	13.07	89.2	0.834
238	900	17.32	74.8	0.608
238	1000	18.89	69.91	1.001
238	1100	20.43	69.06	1.135
238	1200	20.61	72.5	0.834
238	1300	21.85	71.6	0.62
238	1400	22.22	71.2	1.556
238	1500	22.1	73.6	1.117
238	1600	22.19	74.4	1.119
238	1700	21.01	84.9	0.866
238	1800	19.74	97.5	0.814
238	1900	19.47	100.3	0.733
238	2000	19.57	97.4	0.996
238	2100	19.32	99.2	1.14
238	2200	19.02	102.4	1.095
238	2300	18.54	103.1	1.099
239	0	18.35	103.3	0.732
239	100	18.39	103.3	0.602
239	200	18.44	103.3	0.561
239	300	18.53	103.2	0.319
239	400	18.52	103.2	0.478
239	500	18.39	103.2	0.841
239	600	17.81	103.4	1.236
239	700	17.74	103.3	1.118
239	800	17.62	102.1	1.32
239	900	17.83	98.9	1.991
239	1000	18.59	92.9	2.168
239	1100	19.92	85.3	2.275
239	1200	20.91	78.9	2.009
239	1300	22.08	75.1	1.772
239	1400	22.99	74.3	1.283
239	1500	23.66	70.9	1.716
239	1600	24.16	69.05	1.834
239	1700	24.31	72.3	1.622
239	1800	24.4	72	1.302
239	1900	23.52	73.6	0.972
239	2000	20.88	84.5	0.685
239	2100	19.59	89.6	0.769
239	2200	18.29	95.1	0.623
239	2300	17.57	97.1	0.824
240	0	17.21	96.7	0.909
240	100	16.42	99.6	1.304
240	200	16.11	100.2	1.184
240	300	15.88	100.5	1.131
240	400	15.56	100.9	1.042
240	500	14.93	102.3	0.87
240	600	14.45	103.1	0.875
240	700	14.78	103.2	0.994
240	800	17.3	93.7	0.888
240	900	18.8	88.4	0.664
240	1000	18.83	88	1.098
240	1100	19.34	87.7	1.538
240	1200	19.99	86.4	1.471
240	1300	20.78	85.5	1.321
240	1400	20.51	84	1.36
240	1500	19.45	88.6	1.131
240	1600	19.33	89.4	0.975
240	1700	19.7	88.5	0.891
240	1800	18.79	91.8	1.024
240	1900	17.78	99.3	0.684
240	2000	17.67	98.9	0.776
240	2100	17.28	99.8	0.56
240	2200	16.77	101.1	0.659
240	2300	16.36	101.1	0.62
241	0	15.85	99.9	0.776
241	100	15.77	94.3	0.832
241	200	15.34	89.3	1.951
241	300	14.67	86.8	1.912
241	400	14.27	84.8	2.331
241	500	13.56	83.4	2.593
241	600	12.87	83	2.355
241	700	12.53	82.4	1.925
241	800	13.52	75.2	1.585
241	900	15.03	70.4	1.563
241	1000	16.36	64.5	1.532
241	1100	17.82	59.64	1.179
241	1200	18.51	55.04	1.428
241	1300	19.19	55.49	1.502
241	1400	20.06	53.68	1.906
241	1500	20.15	54.39	2.176
241	1600	19.89	53.1	2.163
241	1700	19.55	51.23	2.268
241	1800	19.34	53.6	2.202
241	1900	18.01	56.61	1.822
241	2000	16.47	62.08	1.714
241	2100	14.9	71	1.094
241	2200	13.2	81.5	0.971
241	2300	12.32	88.9	0.943
242	0	10.77	94.6	1.232
242	100	10.01	96.7	1.424
242	200	9.38	98.3	1.233
242	300	8.67	99.8	1.168
242	400	8.12	100.7	1.285
242	500	7.9	101	1.274
242	600	7.65	101.5	1.302
242	700	7.9	100.3	1.293
242	800	10.21	94.2	0.821
242	900	13.04	83.4	1.072
242	1000	15.21	75.8	1.257
242	1100	16.3	76	1.66
242	1200	18.03	68.33	1.887
242	1300	19.08	63.81	2.006
242	1400	20.32	59.88	2.122
242	1500	20.9	57.91	2.197
242	1600	21.53	56.77	1.823
242	1700	21.58	57.78	1.549
242	1800	21.87	58.93	1.159
242	1900	20.81	61.6	0.952
242	2000	17.86	75.9	0.927
242	2100	16.81	81.2	0.92
242	2200	15.83	85.1	0.568
242	2300	15.08	88.2	0.933
243	0	14.52	90	0.954
243	100	13.58	95.7	1.166
243	200	13.41	97	1.135
243	300	14.47	92	0.964
243	400	13.86	95.3	1.348
243	500	15.73	90.4	0.703
243	600	15.79	94.3	0.765
243	700	15.53	95.7	1.113
243	800	17.03	94.1	0.718
243	900	19.27	88.8	0.929
243	1000	21.54	81.8	0.926
243	1100	24	75.4	1.311
243	1200	26.07	68.72	1.96
243	1300	25.07	74.2	1.671
243	1400	24.35	78	1.116
243	1500	24.59	81.2	1.426
243	1600	22.17	92.5	1.189
243	1700	20.84	101.4	1.291
243	1800	20.17	101.5	0.789
243	1900	19.71	101.3	0.853
243	2000	18.81	101.8	0.577
243	2100	18.56	103	0.635
243	2200	18.72	103.5	0.76
243	2300	18.88	102.8	0.866
244	0	18.79	102.8	0.698
244	100	18.79	102.5	0.767
244	200	18.29	100.8	0.951
244	300	17.57	102.8	0.62
244	400	17.22	100	1.212
244	500	17.11	97.8	1.681
244	600	15.99	86.6	3.848
244	700	14.73	82	3.377
244	800	13.9	79.9	3.001
244	900	14.06	75.6	2.96
244	1000	15.47	70.7	3.218
244	1100	15.19	68.81	3.808
244	1200	15.84	65.08	3.836
244	1300	16.29	62.81	3.796
244	1400	16.08	60.47	3.281
244	1500	16.21	60.62	3.129
244	1600	16.01	58.74	3.47
244	1700	15.6	58.47	3.743
244	1800	14.77	60.38	2.475
244	1900	14.26	62.34	1.735
244	2000	13.28	68.03	1.245
244	2100	12.9	72	1.212
244	2200	12.66	74.5	1.592
244	2300	11.64	79.4	1.739
245	0	11.27	80.8	1.563
245	100	10.55	82.6	1.268
245	200	8.81	89.5	0.959
245	300	9.15	86.9	0.793
245	400	8.69	90.1	0.655
245	500	7.81	96.5	0.48
245	600	7.72	95.4	0.782
245	700	7.6	93.9	0.623
245	800	9.31	85.7	0.867
245	900	12.3	74.2	1.197
245	1000	14.21	67.03	1.446
245	1100	15.3	67.07	1.848
245	1200	16.6	62.6	1.826
245	1300	17.47	61.85	2.135
245	1400	18.17	57.59	2.165
245	1500	18.7	55.89	2.19
245	1600	19.18	52.23	2.179
245	1700	18.94	51.18	2.015
245	1800	18.74	51.28	1.661
245	1900	17.17	54.66	1.026
245	2000	14.26	67.15	0.713
245	2100	13.3	71.3	0.86
245	2200	11.96	79	1.399
245	2300	11.27	83.1	1.436
246	0	10.41	86.3	1.113
246	100	10.22	85.6	1.193
246	200	9.56	88.9	0.929
246	300	9.82	90.9	0.881
246	400	10.26	87.4	0.572
246	500	10.64	88.7	0.875
246	600	10.74	91.8	0.967
246	700	10.51	98.9	0.958
246	800	11.19	95	0.931
246	900	13.85	83.2	0.731
246	1000	16.09	78.3	0.985
246	1100	18.27	76.3	1.477
246	1200	20.44	67.99	1.86
246	1300	22.66	55.5	2.271
246	1400	21.91	60	1.806
246	1500	22.75	61.6	1.543
246	1600	23.05	58.89	1.486
246	1700	23.26	54.83	1.437
246	1800	21.44	67.63	0.726
246	1900	20.32	69.68	0.917
246	2000	18.39	78.2	0.881
246	2100	17.74	77.7	0.976
246	2200	16.58	83.3	0.525
246	2300	16.16	85.9	0.706
247	0	17.79	76.7	0.793
247	100	19.74	63.32	1.227
247	200	19	68.01	0.964
247	300	18.64	70.3	0.967
247	400	18.19	71.3	0.861
247	500	17.56	75.9	0.853
247	600	16.38	84	0.73
247	700	16.19	88	0.684
247	800	15.88	97.2	0.902
247	900	15.82	101.6	0.501
247	1000	16.23	101.7	0.482
247	1100	16.28	101.8	0.811
247	1200	16.44	101.6	0.738
247	1300	17.04	100.5	0.992
247	1400	19.12	94.2	1.107
247	1500	20.29	87.2	1.052
247	1600	20.11	86	1.255
247	1700	18.82	82.9	1.824
247	1800	18.93	77.1	2.319
247	1900	18.65	69.3	3.058
247	2000	17.39	66.86	2.336
247	2100	16.55	70.7	1.516
247	2200	16.36	69.37	1.344
247	2300	16.06	62.44	2.775
248	0	15.76	59.9	3.613
248	100	14.79	63.44	2.042
248	200	13.4	63.01	1.034
248	300	12.52	64.23	1.004
248	400	12.52	65.18	1.323
248	500	12.23	65.36	1.97
248	600	11.2	71.2	1.242
248	700	8.52	91.4	1.072
248	800	10.56	84.5	0.839
248	900	14.11	68.17	1.41
248	1000	15.88	60.44	1.011
248	1100	17.05	51.95	1.591
248	1200	17.92	50.87	1.765
248	1300	18.6	46.1	1.765
248	1400	19.56	44.76	2.458
248	1500	19.56	41.38	2.624
248	1600	19.49	42.38	2.836
248	1700	19.23	43	2.751
248	1800	18.99	43.42	2.035
248	1900	17.51	47.12	2.172
248	2000	15.95	57.67	1.448
248	2100	14.96	63.42	1.393
248	2200	12.54	77.7	0.998
248	2300	11	86.9	0.977
249	0	9.03	96.6	1.192
249	100	8.2	100.4	1.362
249	200	7.47	101.9	1.427
249	300	6.793	102.7	1.321
249	400	6.434	103	1.434
249	500	5.987	103.3	1.365
249	600	6.303	102.8	1.191
249	700	6.521	101.1	1.136
249	800	8.43	99.4	0.874
249	900	11.28	93.5	0.967
249	1000	13.77	82.6	1.535
249	1100	15.33	82.3	1.995
249	1200	16.4	76.3	1.761
249	1300	16.87	71.7	1.304
249	1400	17.73	70.7	0.992
249	1500	19.6	67.57	1.369
249	1600	20.64	62.37	1.725
249	1700	20.58	63.54	1.921
249	1800	20.69	64.57	1.045
249	1900	17.84	80.2	0.573
249	2000	16.42	86.8	0.815
249	2100	16.54	84.7	0.854
249	2200	15.02	93.9	0.826
249	2300	15.31	88.8	0.948
250	0	15.1	88.6	0.915
250	100	16.08	83.4	1.377
250	200	15.42	86	1.293
250	300	14.81	86.8	0.809
250	400	14.23	88.6	0.858
250	500	13.37	93.6	0.883
250	600	12.04	100.8	1.024
250	700	12.73	99.5	0.845
250	800	15.29	86.7	0.957
250	900	16.86	77.2	1.65
250	1000	17.68	77.7	1.837
250	1100	18.89	75.8	1.578
250	1200	20.15	73.5	1.497
250	1300	22.4	69.18	1.631
250	1400	23.66	66.58	1.524
250	1500	25.08	60.66	1.451
250	1600	25.93	57.79	1.544
250	1700	25.64	53.12	1.448
250	1800	24.21	57.88	0.621
250	1900	20.69	73.3	0.71
250	2000	19.21	78.5	1.031
250	2100	18.95	81.1	1.208
250	2200	18.65	81.1	0.968
250	2300	18.33	78.6	1.149
251	0	17.52	82.4	1.228
251	100	17.78	82.7	1.147
251	200	17.49	83.3	1.1
251	300	17.69	82.4	1.039
251	400	17.64	86	0.97
251	500	17.74	85.8	0.838
251	600	16.98	89.7	1.082
251	700	16.74	92.8	0.736
251	800	18.13	89.8	0.763
251	900	21.82	74.9	0.638
251	1000	22.79	73.1	1.048
251	1100	24.65	68.9	1.396
251	1200	25.12	70.1	1.939
251	1300	26.44	69.49	1.662
251	1400	28.04	67.91	1.594
251	1500	28.72	65.09	2.008
251	1600	29.11	65.24	1.656
251	1700	28.79	67.84	1.44
251	1800	28.06	71.3	0.993
251	1900	26.8	75.4	0.677
251	2000	24.93	84.4	0.777
251	2100	24.11	87.9	0.588
251	2200	24.48	85.3	0.676
251	2300	23.79	87.2	0.728
252	0	24.14	83.3	1.226
252	100	23.42	85.5	0.833
252	200	21.83	93.4	0.814
252	300	20.77	98.2	0.871
252	400	20.69	97.4	0.929
252	500	20.22	98.1	1.092
252	600	19.61	99.6	1.066
252	700	19.3	100.8	0.673
252	800	20.47	98	0.906
252	900	23.51	82.1	0.706
252	1000	24.73	77.6	1.228
252	1100	26.05	72.4	1.557
252	1200	27.24	69.3	1.634
252	1300	28.23	65.4	1.873
252	1400	29.31	62.02	1.818
252	1500	29.78	60.65	1.765
252	1600	30.2	61.07	1.504
252	1700	30.38	60.19	1.066
252	1800	29.72	64.04	0.668
252	1900	27.45	70.5	0.603
252	2000	25.37	79.2	0.818
252	2100	24.19	85.9	1.166
252	2200	23.35	90.7	1.062
252	2300	22.14	96	1.068
253	0	21.17	99.1	0.96
253	100	20.44	100.2	0.767
253	200	19.98	100.3	0.985
253	300	19.76	99.1	0.947
253	400	19.14	100.4	0.912
253	500	18.37	101.3	0.857
253	600	18.99	93.6	0.782
253	700	18.32	96.1	0.93
253	800	19.12	93.3	0.959
253	900	22.43	79.3	0.899
253	1000	24.68	73.3	0.962
253	1100	26.32	65.7	1.329
253	1200	28.1	57.43	1.421
253	1300	27.52	59.73	1.619
253	1400	28.06	62.22	1.948
253	1500	28.53	60.13	1.622
253	1600	27.84	61.77	1.606
253	1700	21.45	96.8	2.756
253	1800	21.09	93.9	1.873
253	1900	20.73	89.9	1.743
253	2000	20.23	88.8	1.613
253	2100	19.51	93.3	0.931
253	2200	18.84	97	1.253
253	2300	18.15	97.9	0.962
254	0	17.73	97.7	1.037
254	100	17.81	96.9	1.324
254	200	17.76	97.2	1.281
254	300	17.05	94.2	1.413
254	400	17.08	79.2	2.053
254	500	16.41	78.8	2.145
254	600	15.83	81.6	1.929
254	700	15.35	82.9	1.518
254	800	15.65	81.9	2.041
254	900	16.52	74.6	2.563
254	1000	17.17	68.06	3.002
254	1100	16.65	63.74	3.675
254	1200	17.31	55.53	3.695
254	1300	17.88	50.55	3.316
254	1400	18.5	47.06	3.497
254	1500	18.74	47.86	3.873
254	1600	18.25	49.58	3.216
254	1700	17.97	52.72	2.683
254	1800	17.4	55.29	2.311
254	1900	16.45	60.92	1.443
254	2000	15.62	66.48	1.233
254	2100	13.37	89.7	1.14
254	2200	13.64	88.9	1.143
254	2300	13.15	88.9	0.914
255	0	13.1	90.7	1.613
255	100	12.65	91.5	1.252
255	200	11.89	94.8	0.986
255	300	11.68	95.6	0.997
255	400	10.86	97.3	1.083
255	500	9.8	101	1.114
255	600	9.25	102.2	0.835
255	700	9.13	102.2	0.696
255	800	10.62	95.2	1.234
255	900	14.03	74.4	0.867
255	1000	15.17	59.7	1.216
255	1100	16.12	55.62	1.122
255	1200	17.09	52.68	1.36
255	1300	17.7	52.18	1.601
255	1400	18.34	52.69	1.93
255	1500	18.98	51.11	1.828
255	1600	19.22	48.85	1.826
255	1700	18.55	54.93	1.262
255	1800	16.53	70.7	0.723
255	1900	15.58	78	0.803
255	2000	15.13	79.6	0.781
255	2100	14.96	80.8	0.547
255	2200	15.13	74.8	0.674
255	2300	15.44	72.3	0.737
256	0	15.49	77	0.909
256	100	15.23	80.3	0.964
256	200	14.93	82.4	1.024
256	300	14.61	95.2	0.983
256	400	13.83	102.2	1.1
256	500	13.76	102.4	0.732
256	600	14.3	97.7	0.863
256	700	14.79	99.1	1.108
256	800	15.44	100.3	1.787
256	900	15.55	100.2	1.927
256	1000	16.62	88.8	3.012
256	1100	17.18	72.7	3.165
256	1200	17.26	67.15	3.298
256	1300	16.9	62.58	3.216
256	1400	16.65	59.77	3.309
256	1500	16.02	60.46	3.089
256	1600	16.03	58.4	2.865
256	1700	15.15	56.2	3.195
256	1800	14.19	57.26	3.164
256	1900	13.25	59.86	2.341
256	2000	12.21	67.39	1.62
256	2100	11.37	73.6	1.131
256	2200	9.53	86	1
256	2300	8.87	91.2	0.601
257	0	8.65	93	0.794
257	100	8.64	92.7	0.947
257	200	8.26	92.8	0.973
257	300	8.37	89.5	1.126
257	400	7.84	92.3	0.875
257	500	7.77	89.9	1.164
257	600	7.62	90.2	1.156
257	700	7.73	88.8	1.177
257	800	8.46	86.6	1.33
257	900	10.2	76.9	1.844
257	1000	12.19	68.93	1.826
257	1100	13.57	63.46	1.796
257	1200	14.45	61.68	1.981
257	1300	15.26	52.41	2.382
257	1400	15.41	52.69	2.285
257	1500	14.33	59.81	1.873
257	1600	15.3	59.59	1.936
257	1700	14.69	62.17	2.239
257	1800	13.28	70.8	2.228
257	1900	12.54	72.5	2.1
257	2000	11.76	73.5	2.384
257	2100	11.09	73.7	1.84
257	2200	10.71	73.2	1.845
257	2300	9.55	77.1	1.044
258	0	8.73	80.8	1.002
258	100	8.16	85.8	0.971
258	200	6.93	91.7	1.009
258	300	6.424	93.2	1.084
258	400	6.839	90.9	1.034
258	500	5.355	97.1	1.026
258	600	4.651	98.8	0.693
258	700	5.363	93.6	1.247
258	800	6.865	85.9	1.278
258	900	9.92	75.3	1.532
258	1000	11.06	72	1.852
258	1100	12.71	68.06	1.859
258	1200	14.18	56.24	2.294
258	1300	15.11	54.07	2.244
258	1400	16.3	52.69	2.028
258	1500	16	54.34	2.57
258	1600	16.08	55.01	2.464
258	1700	16.19	53.64	2.168
258	1800	15.41	56.2	1.655
258	1900	14.13	63.72	0.758
258	2000	12.57	73.9	0.789
258	2100	12.23	74.1	0.778
258	2200	12.14	73.3	1.127
258	2300	12.17	73.5	1.04
259	0	12.21	75.4	1.277
259	100	11.76	78.8	1.157
259	200	10.08	87.8	1.104
259	300	10.02	88.3	0.784
259	400	9.76	89.9	0.981
259	500	10.05	88.6	1.078
259	600	10.03	89.7	1.113
259	700	9.79	90.4	1.404
259	800	10.11	90.2	1.596
259	900	11.91	84.9	2.393
259	1000	13.4	81.5	2.783
259	1100	14.91	78.2	2.742
259	1200	16.51	71.1	2.523
259	1300	17.73	68.86	2.476
259	1400	19.33	62.02	2.691
259	1500	19.9	58.08	3.033
259	1600	20.44	53.96	2.74
259	1700	20.28	57.3	2.479
259	1800	19.96	56.34	1.783
259	1900	18.41	61.6	1.076
259	2000	16.67	69.02	0.862
259	2100	15.44	73.7	0.881
259	2200	15.36	73	1.411
259	2300	15.1	73.5	1.21
260	0	13.69	80.7	1.011
260	100	12.46	86.2	0.919
260	200	11.29	92.1	1.328
260	300	10.42	95.5	1.271
260	400	10.4	95.2	1.363
260	500	10.19	94.9	1.299
260	600	9.77	94.7	1.115
260	700	9.37	95.5	1.295
260	800	11.04	89.9	0.795
260	900	14.15	81	1.191
260	1000	15.28	81.7	2.05
260	1100	16.83	78.6	1.915
260	1200	18.31	75.1	1.879
260	1300	19.74	71.8	1.811
260	1400	21.01	69.13	2.107
260	1500	22.39	58.94	2.112
260	1600	22.13	55.96	1.935
260	1700	22.01	55.69	1.735
260	1800	21.01	56.33	1.495
260	1900	19.52	63.63	0.833
260	2000	17.3	72.6	0.705
260	2100	16.15	75.8	0.827
260	2200	16.47	69.57	0.799
260	2300	15.39	76.1	1.087
261	0	14.94	77.2	1.018
261	100	15.09	78.5	0.835
261	200	15.02	83.2	1.015
261	300	14.39	86.7	1.177
261	400	14.4	89.6	0.726
261	500	13.07	95.5	0.878
261	600	12.55	100.6	0.575
261	700	12.05	101.8	1.034
261	800	13.71	98.1	0.915
261	900	15.27	87.9	0.931
261	1000	16.54	82.6	0.907
261	1100	18.63	70.8	1.701
261	1200	18.69	70.6	2.123
261	1300	19.62	62.2	1.954
261	1400	20.14	58.19	1.951
261	1500	20.15	57.54	2.115
261	1600	20.1	54.68	1.824
261	1700	18.92	52.9	1.96
261	1800	17.07	53.8	1.647
261	1900	15.77	56.94	1.235
261	2000	13.21	69.01	0.597
261	2100	12.03	75.9	0.72
261	2200	10.12	89.2	0.851
261	2300	9.37	91.2	0.828
262	0	9.15	91.3	0.981
262	100	8.35	93.6	1.128
262	200	7.71	91.5	1.159
262	300	6.955	96.9	1.152
262	400	7.28	92.5	1.05
262	500	6.543	92.8	0.853
262	600	5.718	93.9	0.91
262	700	6.222	90.7	0.84
262	800	8.4	84.4	1.084
262	900	12.21	75.8	1.667
262	1000	13.79	64.93	2.382
262	1100	15.08	56.9	2.369
262	1200	16.06	54.81	2.296
262	1300	16.91	55.21	2.504
262	1400	17.66	52.75	2.37
262	1500	18.05	52.74	1.998
262	1600	18.11	54.7	1.773
262	1700	18.06	52.98	1.765
262	1800	16.51	59.7	1.718
262	1900	14.52	75.2	1.254
262	2000	13	83.5	0.747
262	2100	12.18	82.8	0.766
262	2200	12.28	81.1	1.077
262	2300	12.8	75.3	1.094
263	0	12.73	75.3	1.166
263	100	12.42	75.5	0.944
263	200	12.54	81.1	0.976
263	300	11.92	83.3	1.078
263	400	12.22	85.3	1.189
263	500	12.58	86.7	0.979
263	600	12.55	88.6	1.121
263	700	12.09	90.5	1.119
263	800	12.32	91.7	1.346
263	900	13.51	88.9	1.314
263	1000	15.18	81.5	1.358
263	1100	15.37	80.7	1.538
263	1200	16.53	80.9	1.686
263	1300	17.19	79.8	1.623
263	1400	16.37	83.6	1.847
263	1500	16.79	84.2	1.749
263	1600	16.12	90.3	1.302
263	1700	15.71	97.8	0.62
263	1800	15.46	97.3	0.817
263	1900	15.04	96.9	0.76
263	2000	14.74	95.6	0.775
263	2100	14.33	99	0.852
263	2200	14.3	100.2	0.954
263	2300	14.35	101.8	1.107
264	0	14.2	101.5	1.234
264	100	13.89	101.6	1.188
264	200	13.74	102	1.179
264	300	13.8	102.1	0.807
264	400	13.84	102.7	0.69
264	500	14.01	103	0.535
264	600	14.17	103.2	0.508
264	700	14.41	102.9	0.427
264	800	14.72	102.1	0.464
264	900	15.17	100.7	0.77
264	1000	15.75	100.7	0.697
264	1100	16.26	99.9	0.7
264	1200	16.26	100.3	1.072
264	1300	16.13	101.3	1.235
264	1400	16.84	100.4	1.241
264	1500	17.18	100.5	1.162
264	1600	17.39	101	0.825
264	1700	18.37	97.9	1.319
264	1800	17.18	100.4	1.546
264	1900	16.43	101.8	1.099
264	2000	16.02	103	0.818
264	2100	15.57	103.5	0.9
264	2200	15.78	103.7	1.215
264	2300	15.41	103.9	0.881
265	0	15.26	104.5	0.863
265	100	15.04	104.7	0.934
265	200	14.85	104.7	0.668
265	300	14.48	104.7	1.21
265	400	14.08	104.8	0.923
265	500	13.61	104.8	0.99
265	600	13.35	104.9	0.696
265	700	14.32	105.1	0.63
265	800	15.49	105.1	0.726
265	900	16.6	104.8	1.035
265	1000	16.76	104.2	0.951
265	1100	17.92	100.8	1.232
265	1200	19.28	94.5	1.493
265	1300	19.15	94.4	1.482
265	1400	16.53	99.8	1.183
265	1500	16.97	98.9	1.235
265	1600	16.38	102.1	1.373
265	1700	17.79	98.3	1.147
265	1800	17.85	99.8	0.387
265	1900	16.87	102.1	0.701
265	2000	16.17	104.2	0.669
265	2100	16.28	104.5	0.619
265	2200	16.71	104.2	0.515
265	2300	16.43	103.5	0.567
266	0	16.31	102	0.856
266	100	16.51	101.9	1.274
266	200	16.51	101.8	1.311
266	300	16.28	101	1.328
266	400	15.69	101.8	0.809
266	500	15.26	102.9	0.654
266	600	15.21	103	0.763
266	700	14.93	102.7	0.898
266	800	15.12	102	0.95
266	900	15.51	101	0.902
266	1000	16	99.4	0.885
266	1100	16.77	96.5	1.149
266	1200	19.36	85.9	1.697
266	1300	20.52	78	1.7
266	1400	21.42	73.3	1.678
266	1500	21.92	67.22	1.816
266	1600	21.94	65.86	1.409
266	1700	21.03	70	1.415
266	1800	19.84	74.9	0.84
266	1900	17.65	89.3	0.959
266	2000	17	91.4	0.985
266	2100	16.51	93.2	1.015
266	2200	15	100.2	1.032
266	2300	13.73	103.2	0.963
267	0	13.09	103.8	1.065
267	100	12.62	104.1	0.92
267	200	11.96	104.3	1.172
267	300	11.54	104.6	1.076
267	400	12.07	104.8	0.943
267	500	12.07	104.7	0.574
267	600	12.26	104.5	0.553
267	700	12.25	104.3	0.541
267	800	13.93	103.4	0.952
267	900	15.4	95.3	1.708
267	1000	17.2	87.7	1.885
267	1100	17.83	83.7	2.117
267	1200	19.06	80	2.265
267	1300	19.42	79.7	2.165
267	1400	19.55	79.4	2.359
267	1500	21	72.8	1.943
267	1600	20.68	74.8	2.062
267	1700	19.26	81.6	1.675
267	1800	17.49	88.6	1.53
267	1900	16.55	92.2	1.328
267	2000	15.74	95.1	1.432
267	2100	15.41	95.2	1.091
267	2200	15.48	93.7	0.949
267	2300	15.43	94.6	1.104
268	0	15.25	96.7	1.275
268	100	14.44	99	1.425
268	200	14.22	100.4	1.376
268	300	14.21	99.8	1.494
268	400	14.22	101.2	1.193
268	500	14.29	101.2	1.244
268	600	14.53	101.9	1.374
268	700	14.94	102.4	1.307
268	800	15.32	101.8	1.57
268	900	15.74	101.2	1.791
268	1000	15.59	100.9	2.104
268	1100	14.94	101.1	2.271
268	1200	14.77	102	2.637
268	1300	14.15	102.9	3.703
268	1400	13.94	103	3.543
268	1500	14.22	103.2	3.131
268	1600	13.46	103.3	3.68
268	1700	12.91	103.6	3.692
268	1800	12.61	104	3.683
268	1900	12.44	104.2	3.23
268	2000	12.61	104.2	3.513
268	2100	12.66	104.2	3.099
268	2200	12.69	104.2	3.124
268	2300	12.83	104	2.795
269	0	12.56	104	3.078
269	100	11.93	103.6	3.378
269	200	11.61	103.5	3.084
269	300	11.44	103.4	3.103
269	400	11.49	103.3	2.444
269	500	11.41	103.3	1.976
269	600	11.56	103.5	1.557
269	700	11.55	103.6	0.899
269	800	11.26	103.7	0.728
269	900	11.48	103.4	0.777
269	1000	12.22	102.2	0.547
269	1100	12.74	100.9	0.943
269	1200	12.64	101.3	1.245
269	1300	12.91	98.7	1.283
269	1400	12.68	98.1	1.442
269	1500	12.69	98.6	1.326
269	1600	12.74	97.8	1.368
269	1700	11.9	100.6	1.513
269	1800	11.59	101.4	1.399
269	1900	11.27	101.4	1.736
269	2000	11.1	101.7	1.627
269	2100	11.03	101.1	1.263
269	2200	10.78	102.2	0.988
269	2300	10.36	103.1	1.113
270	0	9.95	103.1	1.193
270	100	9.9	102.8	1.029
270	200	9.87	102.4	0.947
270	300	10.07	101.9	0.752
270	400	10.14	101.6	0.961
270	500	9.95	102.1	1.008
270	600	10.03	101.6	0.781
270	700	9.99	101.6	0.674
270	800	10.42	101	0.391
270	900	11.35	97.3	0.742
270	1000	12.69	92.9	0.691
270	1100	13.51	89.7	1.033
270	1200	14.82	79.4	1.21
270	1300	12.25	91.5	2.325
270	1400	11.4	90.9	2.261
270	1500	10.83	88	2.563
270	1600	10.12	86.9	2.621
270	1700	9.39	87.3	2.56
270	1800	9.45	88.1	2.013
270	1900	9.68	78.9	3.006
270	2000	9.54	73.2	3.029
270	2100	9.1	77	2.941
270	2200	8.39	85.2	2.812
270	2300	8.14	92.5	3.121
271	0	8.37	95.7	2.609
271	100	8.61	99.6	2.445
271	200	8.65	98.7	2.458
271	300	8.49	98	2.247
271	400	8.43	99.7	1.876
271	500	8.52	99.5	1.61
271	600	8.15	98.3	1.924
271	700	8.09	96.3	1.763
271	800	8.53	93.7	1.645
271	900	9.27	90.5	1.592
271	1000	10.15	84.8	2.43
271	1100	10.48	78.9	2.238
271	1200	12.51	64.76	2.684
271	1300	13.51	56.93	2.495
271	1400	14.91	49.06	1.833
271	1500	15.66	46.22	1.382
271	1600	15.56	48.68	0.99
271	1700	14.6	55.9	0.603
271	1800	12.41	68.35	0.688
271	1900	10.13	79.8	0.892
271	2000	8.47	92.6	1.238
271	2100	7.35	98.4	1.335
271	2200	6.653	100.2	1.461
271	2300	5.636	102.1	1.47
272	0	4.914	103.4	1.601
272	100	4.326	103.6	1.359
272	200	3.83	104.2	1.466
272	300	3.532	104.6	1.511
272	400	3.507	104.4	1.253
272	500	2.9	104.5	0.874
272	600	3.519	101.3	1.008
272	700	5.173	91.2	0.97
272	800	6.212	88.2	1.012
272	900	9.43	80.8	1.367
272	1000	10.61	75.5	2.117
272	1100	11.11	72.9	2.659
272	1200	12.26	68.24	2.609
272	1300	13.16	59.41	2.639
272	1400	13.87	49.03	2.633
272	1500	14.2	52.43	2.384
272	1600	13.95	55.46	2.152
272	1700	12.57	61.13	1.956
272	1800	11.57	66.48	1.293
272	1900	9.62	74.2	0.809
272	2000	7.31	86.5	0.9
272	2100	6.446	90.5	1.048
272	2200	5.191	97.5	1.243
272	2300	4.493	101.4	1.181
273	0	3.725	103.1	1.325
273	100	3.179	104.2	1.395
273	200	2.754	104.7	1.258
273	300	2.121	105	1.329
273	400	1.534	105.1	1.362
273	500	1.273	105.2	1.423
273	600	0.939	105.3	1.551
273	700	0.608	105.5	1.431
273	800	1.905	102.9	1.346
273	900	6.423	89.5	0.877
273	1000	10.31	77.8	0.871
273	1100	11.9	73.4	1.227
273	1200	13.53	66.41	1.574
273	1300	15.14	54.19	1.883
273	1400	16.15	50.55	1.938
273	1500	17.51	51.27	1.605
273	1600	17.82	51.32	1.455
273	1700	16.4	54.58	1.299
273	1800	15.18	57.86	0.8
273	1900	12.29	68.89	0.792
273	2000	10.72	78.8	1.115
273	2100	9.14	90	0.967
273	2200	7.71	94.8	1.244
273	2300	7	95.6	1.506
274	0	6.886	93.5	1.136
274	100	6.423	93.6	1.262
274	200	6.084	91.4	1.387
274	300	5.491	91.6	1.173
274	400	4.497	96.6	1.349
274	500	4.089	96.9	1.364
274	600	4.001	95.7	1.563
274	700	3.987	95	0.949
274	800	4.713	93.9	1.12
274	900	8.89	81.8	0.988
274	1000	10.87	82.1	1.521
274	1100	12.81	78	1.618
274	1200	13.83	74.7	1.843
274	1300	15.29	73.2	1.892
274	1400	18.36	59.47	1.56
274	1500	18.48	64.12	1.906
274	1600	18.5	60.29	1.827
274	1700	17.51	63.74	1.756
274	1800	16.91	67.81	1.447
274	1900	15.7	74.8	0.923
274	2000	14.12	80.9	1.092
274	2100	13.04	88	1.144
274	2200	13.22	84.8	1.08
274	2300	13.15	83.7	1.024
275	0	12.66	86.6	0.66
275	100	12.53	87.5	0.974
275	200	12.42	89.1	1.043
275	300	12.91	87.7	0.873
275	400	12.6	89.8	0.815
275	500	12.09	93.4	0.958
275	600	10.99	98.3	0.682
275	700	10.52	100.6	0.9
275	800	11.34	99.6	1.396
275	900	13.59	93.1	1.135
275	1000	14.84	89.4	1.868
275	1100	16.7	78.6	1.811
275	1200	17.89	68.74	2.01
275	1300	18.71	58.88	2.426
275	1400	19.36	49.54	2.652
275	1500	20	42.69	2.747
275	1600	19.74	41.25	2.717
275	1700	18.71	44.37	2.31
275	1800	18.23	45.06	2.144
275	1900	16.42	53.18	1.524
275	2000	14.2	64.16	0.873
275	2100	11.74	76.2	0.978
275	2200	10.57	83.8	1.114
275	2300	9.07	90.5	1.301
276	0	8.1	94.1	1.334
276	100	7.06	98.9	1.5
276	200	6.715	100.5	1.567
276	300	6.197	100.5	1.213
276	400	6.554	98.2	0.938
276	500	6.526	98.7	1.1
276	600	6.563	100.1	1.267
276	700	7.04	98.5	1.007
276	800	7.54	95.8	1.294
276	900	8.71	91.2	0.945
276	1000	9.15	92.4	0.758
276	1100	9.79	98.2	0.598
276	1200	10.52	97.8	0.777
276	1300	11.17	96.7	1.057
276	1400	11.1	93.8	1.37
276	1500	10.89	92	1.39
276	1600	10.92	90.2	1.874
276	1700	9.96	94.4	1.941
276	1800	9.44	98.9	2.032
276	1900	9.53	99.4	2.048
276	2000	9.74	98.9	1.864
276	2100	9.61	99	1.395
276	2200	9.47	99.7	1.279
276	2300	9.25	100.3	1.215
277	0	9.05	101.2	1.16
277	100	8.79	102	1.407
277	200	8.67	102.4	0.944
277	300	9.08	102.7	1.056
277	400	9.39	102.4	1.218
277	500	9.37	102.8	1.273
277	600	9.39	103.3	1.428
277	700	9.34	104	1.071
277	800	9.76	103.9	0.912
277	900	10.53	101.1	1.011
277	1000	10.87	100.4	1.116
277	1100	11.52	98.7	1.142
277	1200	11.9	97.8	1.37
277	1300	13.87	89.8	1.385
277	1400	15.37	86.2	1.193
277	1500	15.42	86.4	1.29
277	1600	15.85	86.6	1.156
277	1700	15.47	88.2	1.303
277	1800	13.92	94.2	1.096
277	1900	12.85	97.7	1.147
277	2000	12.49	102.1	0.936
277	2100	13.78	95	1.148
277	2200	14.86	79.7	1.553
277	2300	14.3	77.7	1.806
278	0	13.37	81.5	1.486
278	100	12.96	85.1	1.129
278	200	13.08	79.1	1.744
278	300	12.51	82.1	1.02
278	400	11.84	89.6	1.14
278	500	11.55	90.3	0.795
278	600	11.18	89.7	0.825
278	700	10.78	93.5	0.782
278	800	10.39	99.2	0.629
278	900	10.68	100.6	0.883
278	1000	10.95	100.5	0.761
278	1100	11.43	100.2	0.815
278	1200	11.47	99.8	0.858
278	1300	11.88	98	0.815
278	1400	11.47	99	0.775
278	1500	11.63	98.5	0.611
278	1600	11.3	99.9	0.607
278	1700	10.93	100.4	0.512
278	1800	10.59	101.7	0.596
278	1900	10.1	101.5	0.707
278	2000	10	102.6	0.742
278	2100	9.91	103.1	0.486
278	2200	9.8	103	0.617
278	2300	9.63	103.1	0.572
279	0	9.34	103.3	0.651
279	100	9.09	102.8	1.24
279	200	8.7	101.9	1.819
279	300	8.81	102.4	1.806
279	400	9.17	101.9	2.245
279	500	9.44	100.9	2.675
279	600	9.14	101.9	2.807
279	700	9.25	102.8	2.454
279	800	9.47	103	2.01
279	900	9.77	103.2	2.198
279	1000	10.06	103.4	1.763
279	1100	10.35	103.3	1.226
279	1200	10.79	103	1.546
279	1300	8.18	100	3.258
279	1400	7.21	93.1	3.998
279	1500	8.69	83.8	3.62
279	1600	9.35	77.6	3.68
279	1700	9.02	78.9	3.5
279	1800	8.41	79.6	3.154
279	1900	8.13	80.4	3.097
279	2000	7.95	82.3	2.461
279	2100	7.85	83.5	2.477
279	2200	7.52	86.5	2.096
279	2300	7.21	88.6	1.989
280	0	7.02	88	1.73
280	100	6.591	89.2	1.621
280	200	6.015	91.2	0.926
280	300	5.377	92.2	0.979
280	400	3.978	99.2	1.082
280	500	4.24	97.2	1.097
280	600	4.014	97.1	0.573
280	700	4.439	93.3	0.644
280	800	5.272	86.4	1
280	900	6.435	80.5	1.511
280	1000	8.15	72.6	1.892
280	1100	7.96	70	1.896
280	1200	8.19	69.92	1.767
280	1300	9.59	65.78	1.852
280	1400	10.79	63.62	1.731
280	1500	10.27	60.52	1.613
280	1600	9.52	55.51	1.398
280	1700	9.86	52.41	1.7
280	1800	7.6	58.81	1.221
280	1900	5.585	83	1.145
280	2000	4.56	94.4	1.218
280	2100	4.739	80.2	1.209
280	2200	5.112	73.9	1.395
280	2300	4.615	78.4	1.3
281	0	4.541	80.3	1.658
281	100	4.323	79.1	1.639
281	200	4.087	77.5	1.691
281	300	3.632	77.8	1.591
281	400	3.124	77	1.737
281	500	2.794	79.5	1.332
281	600	2.34	85.3	1.692
281	700	2.286	87.1	2.08
281	800	2.801	87.8	2.084
281	900	3.593	87.7	2.111
281	1000	5.046	81.1	2.287
281	1100	6.818	72.9	2.545
281	1200	7.81	64.5	3.262
281	1300	7.63	62.91	3.405
281	1400	7.83	61.12	2.95
281	1500	6.754	70.5	3.228
281	1600	7.58	62.26	2.919
281	1700	7.41	58.98	3.177
281	1800	6.632	60.86	3.407
281	1900	5.385	71.4	2.765
281	2000	5.035	75.3	2.465
281	2100	4.862	73.9	2.024
281	2200	4.549	74.5	1.81
281	2300	4.034	77	1.279
282	0	2.233	88.6	1.146
282	100	1.322	93.4	1.38
282	200	0.375	95.6	1.402
282	300	-0.295	96.7	1.415
282	400	-0.401	96	1.406
282	500	-0.176	97.1	1.375
282	600	-0.521	98.6	1.329
282	700	0.621	96.5	1.161
282	800	0.429	96.8	1.301
282	900	1.802	91.5	1.031
282	1000	4.583	82.1	1.478
282	1100	6.013	77.2	2.036
282	1200	7.99	71.7	2.231
282	1300	9.84	65.83	2.219
282	1400	10.84	59.33	2.565
282	1500	11.41	54.73	2.895
282	1600	11.41	51.92	2.649
282	1700	10.73	54.62	2.116
282	1800	10.16	58.47	1.469
282	1900	9.63	61.77	1.121
282	2000	9.37	64.72	0.944
282	2100	9.49	67.71	1.664
282	2200	8.97	74.4	0.985
282	2300	8.71	75.4	0.947
283	0	8.72	74.3	0.904
283	100	8.76	78.8	0.695
283	200	8.64	80.9	0.732
283	300	7.88	85.5	0.774
283	400	7.69	86.4	0.956
283	500	7.65	88.8	0.741
283	600	7.37	92.5	0.762
283	700	7.41	92.7	0.813
283	800	7.7	92.2	0.823
283	900	8.43	91.2	0.655
283	1000	9.5	84.5	0.629
283	1100	10.92	76.4	0.729
283	1200	11.14	72.8	0.797
283	1300	11.29	75.1	0.861
283	1400	11.59	77.3	1.048
283	1500	10.59	89	1.262
283	1600	11.43	92.5	0.982
283	1700	11.65	89.6	0.524
283	1800	10.3	96.1	0.479
283	1900	8.98	101.3	0.568
283	2000	8.34	102.7	1.074
283	2100	7.56	103.4	1.111
283	2200	6.889	103.8	1.113
283	2300	6.117	104.1	1.182
284	0	5.159	104.2	1.203
284	100	4.807	104.4	1.337
284	200	4.213	104.9	1.22
284	300	4.392	104.9	1.234
284	400	4.987	104.7	1.34
284	500	5.242	104.6	1.288
284	600	5.314	104.5	1.214
284	700	5.639	104.4	1.013
284	800	5.682	104.4	0.851
284	900	8.68	102.5	0.702
284	1000	11.13	94.6	0.64
284	1100	14.52	75	0.911
284	1200	17.15	61.34	1.153
284	1300	18.41	57.77	1.042
284	1400	20.05	54.19	1.04
284	1500	21.12	51.21	1.468
284	1600	22.41	46.21	1.317
284	1700	22.11	48.53	0.936
284	1800	20.8	55.07	0.922
284	1900	19.18	61.39	0.982
284	2000	18.53	66.39	0.786
284	2100	18.16	68.76	0.687
284	2200	18.11	71	1.583
284	2300	17.18	83.9	2.033
285	0	17.18	85.5	1.488
285	100	16.16	94	1.391
285	200	15.44	100.2	1.244
285	300	15.07	98.9	1.387
285	400	14.76	98.7	1.682
285	500	14.21	99.4	1.989
285	600	12.99	93.9	1.192
285	700	11.84	94.8	0.863
285	800	11.53	96.8	0.841
285	900	13.47	88.5	0.935
285	1000	15.96	74.7	0.82
285	1100	16.42	69.22	0.91
285	1200	17.86	59.91	1.074
285	1300	18.19	57.77	1.173
285	1400	18.89	55.51	1.387
285	1500	18.7	53.92	1.088
285	1600	17.76	57.43	1.075
285	1700	17.03	64.44	0.616
285	1800	15.18	70.3	0.62
285	1900	14.46	72.2	0.984
285	2000	13.67	74.4	0.589
285	2100	13.58	74.3	1.345
285	2200	13.51	74.9	1.99
285	2300	13.4	75.2	2.069
286	0	13.03	78	2.137
286	100	12.82	78.7	2.607
286	200	12.77	73.7	2.906
286	300	12.66	69.03	3.01
286	400	12.72	67.64	3.111
286	500	12.65	67.94	2.91
286	600	12.14	70.9	2.834
286	700	11.64	74.3	3.198
286	800	11.41	78.6	3.272
286	900	11.79	80	3.291
286	1000	12.36	74.8	3.171
286	1100	13.36	69.18	3.283
286	1200	14.16	65.85	2.874
286	1300	13.96	68.14	2.605
286	1400	13.29	72.3	2.444
286	1500	13.05	75.7	2.273
286	1600	12.27	78.3	2.641
286	1700	11.79	81.2	2.488
286	1800	11.2	84.7	2.258
286	1900	10.76	86	3.095
286	2000	10.53	87.5	2.385
286	2100	10.39	91.9	2.187
286	2200	10.27	93.9	1.997
286	2300	10.28	94.1	2.251
287	0	10.13	95.9	2.174
287	100	9.83	97.9	2.409
287	200	10.05	97.2	1.974
287	300	10	97.8	1.546
287	400	9.75	100.1	1.524
287	500	9.31	100.8	1.604
287	600	9.37	101.2	1.559
287	700	9.45	101.1	1.551
287	800	9.86	100.2	1.718
287	900	11.85	93.6	1.575
287	1000	13.55	87.1	1.838
287	1100	15.17	77.9	2.131
287	1200	16.61	71.8	1.956
287	1300	17.69	68.39	2.461
287	1400	18.97	63.45	2.168
287	1500	18.9	60.63	2.409
287	1600	18.21	62.07	2.156
287	1700	16.94	67.13	2.073
287	1800	15.03	75.9	1.987
287	1900	13.35	84.3	1.315
287	2000	13.25	88.9	1.116
287	2100	13.43	92.1	0.755
287	2200	13.95	91.7	0.806
287	2300	13.73	93.1	0.773
288	0	12.8	96.3	0.801
288	100	12.55	95	0.965
288	200	11.7	96.3	0.954
288	300	11.76	99.4	1.246
288	400	13.09	96.4	1.503
288	500	14.07	93.5	1.25
288	600	13.5	98.9	0.508
288	700	13.09	102.8	0.553
288	800	13.17	103.5	0.272
288	900	13.57	103.7	0.622
288	1000	13.91	103.6	0.588
288	1100	14.19	102.6	1.096
288	1200	13.86	99.3	1.935
288	1300	13.43	93.7	2.271
288	1400	14.27	90.1	2.269
288	1500	15.46	76.2	3.026
288	1600	15.5	72.6	2.541
288	1700	15.28	68.27	2.071
288	1800	14.49	66.34	2.057
288	1900	13.54	69.48	1.505
288	2000	11	89.2	1.849
288	2100	10.63	88.2	1.592
288	2200	9.88	89.8	1.341
288	2300	9.3	91.5	1.306
289	0	9.24	90.1	1.587
289	100	8.84	89.8	1.155
289	200	7.56	97.9	0.89
289	300	8.29	95.7	0.799
289	400	7.46	98.1	0.731
289	500	6.74	101.9	0.993
289	600	7.2	100.6	1.155
289	700	7.23	99.5	0.715
289	800	6.987	100.5	0.753
289	900	8.31	96.4	0.94
289	1000	10.37	88	1.018
289	1100	11.75	82.3	1.667
289	1200	11.92	83.4	1.676
289	1300	12.77	79.9	2.343
289	1400	13.16	79.7	2.834
289	1500	14.75	72.6	2.991
289	1600	15.05	64.66	2.581
289	1700	14.44	65.23	1.828
289	1800	13.45	67.29	1.603
289	1900	12.42	71.6	2.099
289	2000	11.37	84.9	1.821
289	2100	10.44	84.2	1.426
289	2200	10.3	78.6	1.671
289	2300	10.1	79	1.653
290	0	10.56	78.4	1.843
290	100	10.79	78.1	1.152
290	200	10.96	78.6	1.387
290	300	11.36	74.5	1.653
290	400	10.48	87.9	2.005
290	500	9.46	94.6	2.235
290	600	9.31	97	2.806
290	700	9.02	100.3	2.793
290	800	8.6	101.8	3.566
290	900	8.97	101	3.415
290	1000	9.06	100.1	2.781
290	1100	9.5	100.5	1.09
290	1200	9.95	99.6	0.943
290	1300	10.44	91.8	2.178
290	1400	10.1	91.5	1.115
290	1500	9.59	90.9	1.681
290	1600	9.39	95.9	0.907
290	1700	9.33	94	0.944
290	1800	8.02	97.3	0.995
290	1900	8.04	98.8	1.15
290	2000	7.61	98	1.767
290	2100	5.919	91.3	2.699
290	2200	4.935	88.5	2.126
290	2300	4.347	89	2.118
291	0	3.62	95	1.924
291	100	3.374	101	1.976
291	200	3.973	98.9	3.378
291	300	3.681	97.2	3.918
291	400	3.899	93.2	3.874
291	500	3.761	91.8	3.494
291	600	3.794	92.9	4.253
291	700	4.191	87.5	5.789
291	800	4.4	84.6	5.245
291	900	4.805	81.9	4.996
291	1000	4.909	81.3	4.459
291	1100	5.405	80.3	4.237
291	1200	5.519	79.2	4.714
291	1300	5.822	75.1	3.932
291	1400	5.871	70.5	4.211
291	1500	6.201	67.45	3.889
291	1600	6.41	65.14	3.664
291	1700	6.413	62.55	3.554
291	1800	5.755	64.07	3.193
291	1900	4.901	67.86	2.218
291	2000	4.33	69.48	2.762
291	2100	3.714	73.1	1.972
291	2200	3.549	73.8	3.122
291	2300	2.652	78.4	2.158
292	0	1.504	86.1	1.269
292	100	1.215	84.3	1.286
292	200	1.075	83.4	1.518
292	300	0.976	85.9	0.987
292	400	-0.087	92.9	1.168
292	500	0.53	90.9	1.121
292	600	0.097	94.1	0.608
292	700	0.505	97.2	0.336
292	800	-0.139	99.5	0.767
292	900	1.727	94.2	1.11
292	1000	4.95	76	0.613
292	1100	5.659	75.8	1.124
292	1200	7.64	67.19	1.347
292	1300	9.43	59.11	1.944
292	1400	10.45	59.54	1.382
292	1500	11.35	55.69	1.067
292	1600	11.79	53.82	0.708
292	1700	10.54	63.07	0.568
292	1800	8.89	70.3	0.614
292	1900	7.63	77.7	1.112
292	2000	7.35	81.9	1.025
292	2100	7.06	83.9	0.753
292	2200	6.864	84.5	1.009
292	2300	6.354	85.4	1.037
293	0	6.616	83.3	0.862
293	100	6.725	86	1.035
293	200	6.591	87.7	1.18
293	300	6.727	88.6	0.939
293	400	6.855	89.5	0.75
293	500	6.532	96.7	0.956
293	600	6.904	93.8	0.8
293	700	7.75	88.1	0.859
293	800	7.9	89.4	0.845
293	900	8.74	86.6	0.731
293	1000	10.42	82.9	0.302
293	1100	10.73	82.2	0.606
293	1200	11.24	82.1	1.383
293	1300	10.88	93.1	1.926
293	1400	11.93	89.4	2.221
293	1500	12.78	77	2.623
293	1600	13.14	70	2.483
293	1700	13.03	62.88	2.089
293	1800	11.87	60.83	1.073
293	1900	9.72	70.6	0.996
293	2000	9.4	69.05	0.991
293	2100	9.35	65.38	1.627
293	2200	8.57	67.13	1.271
293	2300	8.83	65.55	1.553
294	0	8.59	65.79	1.33
294	100	7.69	69.76	1.118
294	200	7.86	71	0.947
294	300	6.983	80.9	1.016
294	400	6.241	96.9	0.92
294	500	5.191	101.9	0.941
294	600	4.394	103.4	0.909
294	700	3.945	104.1	1.128
294	800	3.987	104.1	1.004
294	900	6.077	99.7	0.917
294	1000	10.26	83.1	0.943
294	1100	11.54	76.9	1.305
294	1200	12.46	74.9	1.416
294	1300	13.75	71.5	1.367
294	1400	14.21	70.6	1.18
294	1500	13.75	66.93	1.875
294	1600	12.01	74.1	2.294
294	1700	11.09	83.7	1.661
294	1800	10.39	88.8	1.165
294	1900	9.88	93.1	0.551
294	2000	9.25	99.2	0.696
294	2100	9.1	100.9	1.037
294	2200	8.45	102.3	0.724
294	2300	8.86	102.2	0.989
295	0	9.49	100.2	2.097
295	100	9.39	100.9	2.18
295	200	9.6	99.2	3.037
295	300	9.05	96.2	2.181
295	400	8.38	94.5	2.557
295	500	7.51	93.8	2.322
295	600	6.596	95.9	1.58
295	700	6.492	90.9	2.678
295	800	6.419	91	2.36
295	900	6.536	84.5	3.445
295	1000	6.415	78.9	3.813
295	1100	6.617	70.9	3.561
295	1200	7.38	63.61	4.235
295	1300	8.28	54.82	3.816
295	1400	9.15	49.84	3.079
295	1500	9.6	48.61	2.821
295	1600	9.17	49.97	2.771
295	1700	8.81	50.63	2.335
295	1800	7.97	52.13	1.881
295	1900	6.314	57.34	0.887
295	2000	4.65	68.02	1.015
295	2100	3.667	75.3	1.082
295	2200	3.242	78.2	1.268
295	2300	2.552	81.9	1.009
296	0	1.649	89.2	1.095
296	100	1.502	88.1	1.018
296	200	0.786	91.7	1.248
296	300	0.343	96.1	1.17
296	400	0.784	96.4	1.254
296	500	0.863	96.9	1.309
296	600	1.565	96.4	1.064
296	700	2.206	95	0.88
296	800	2.544	93.6	0.894
296	900	3.245	89.4	1.053
296	1000	4.685	84.5	0.956
296	1100	6.796	74.5	1.523
296	1200	7.53	71.4	1.644
296	1300	8.23	71.1	2.118
296	1400	8.8	69.73	2.01
296	1500	8.14	73.3	2.4
296	1600	6.757	88.3	2.386
296	1700	6.175	96	2.452
296	1800	6.176	99	2.39
296	1900	6.386	100.8	2.132
296	2000	6.374	102.1	1.918
296	2100	6.717	102.7	1.369
296	2200	7.13	103.1	1.374
296	2300	7.28	103.1	1.104
297	0	7.54	103.2	1.198
297	100	7.7	103.5	1.134
297	200	8.04	103.6	1.091
297	300	8.15	103.6	0.974
297	400	8.27	103.6	0.694
297	500	8.47	103.7	0.68
297	600	8.25	103.9	0.738
297	700	8.46	104	1.067
297	800	9.97	103.9	1.381
297	900	11.21	102.8	1.738
297	1000	11.89	102.3	1.757
297	1100	12.33	102.4	2.03
297	1200	14.18	96	2.18
297	1300	15.78	84.4	2.019
